[header]
width=100
height=100
tilewidth=32
tileheight=32

[tilesets]
tileset=../background.png,32,32,0,0
tileset=../terrain.png,32,32,0,0
tileset=../entities.png,32,32,0,0

[layer]
type=background
data=
9,10,9,10,9,10,9,10,9,10,9,10,9,10,9,10,9,10,9,10,9,10,9,10,9,10,9,10,9,10,9,10,9,10,9,10,9,10,9,10,9,10,9,10,9,10,9,10,9,10,9,10,9,10,9,10,9,10,9,10,9,10,9,10,9,10,9,10,9,10,9,10,9,10,9,10,9,10,9,10,9,10,9,10,9,10,9,10,9,10,9,10,9,10,9,10,9,10,9,10,
17,18,17,18,17,18,17,18,17,18,17,18,17,18,17,18,17,18,17,18,17,18,17,18,17,18,17,18,17,18,17,18,17,18,17,18,17,18,17,18,17,18,17,18,17,18,17,18,17,18,17,18,17,18,17,18,17,18,17,18,17,18,17,18,17,18,17,18,17,18,17,18,17,18,17,18,17,18,17,18,17,18,17,18,17,18,17,18,17,18,17,18,17,18,17,18,17,18,17,18,
9,10,9,10,9,10,9,10,9,10,9,10,9,10,9,10,9,10,9,10,9,10,9,10,9,10,9,10,9,10,9,10,9,10,9,10,9,10,9,10,9,10,9,10,9,10,9,10,9,10,9,10,9,10,9,10,9,10,9,10,9,10,9,10,9,10,9,10,9,10,9,10,9,10,9,10,9,10,9,10,9,10,9,10,9,10,9,10,9,10,9,10,9,10,9,10,9,10,9,10,
17,18,17,18,17,18,17,18,17,18,17,18,17,18,17,18,17,18,17,18,17,18,17,18,17,18,17,18,17,18,17,18,17,18,17,18,17,18,17,18,17,18,17,18,17,18,17,18,17,18,17,18,17,18,17,18,17,18,17,18,17,18,17,18,17,18,17,18,17,18,17,18,17,18,17,18,17,18,17,18,17,18,17,18,17,18,17,18,17,18,17,18,17,18,17,18,17,18,17,18,
9,10,9,10,9,10,9,10,9,10,9,10,9,10,9,10,9,10,9,10,9,10,9,10,9,10,9,10,9,10,9,10,9,10,9,10,9,10,9,10,9,10,9,10,9,10,9,10,9,10,9,10,9,10,9,10,9,10,9,10,9,10,9,10,9,10,9,10,9,10,9,10,9,10,9,10,9,10,9,10,9,10,9,10,9,10,9,10,9,10,9,10,9,10,9,10,9,10,9,10,
17,18,17,18,17,18,17,18,17,18,17,18,17,18,17,18,17,18,17,18,17,18,17,18,17,18,17,18,17,18,17,18,17,18,17,18,17,18,17,18,17,18,17,18,17,18,17,18,17,18,17,18,17,18,17,18,17,18,17,18,17,18,17,18,17,18,17,18,17,18,17,18,17,18,17,18,17,18,17,18,17,18,17,18,17,18,17,18,17,18,17,18,17,18,17,18,17,18,17,18,
9,10,9,10,9,10,9,10,9,10,9,10,9,10,9,10,9,10,9,10,9,10,9,10,9,10,9,10,9,10,9,10,9,10,9,10,9,10,9,10,9,10,9,10,9,10,9,10,9,10,9,10,9,10,9,10,9,10,9,10,9,10,9,10,9,10,9,10,9,10,9,10,9,10,9,10,9,10,9,10,9,10,9,10,9,10,9,10,9,10,9,10,9,10,9,10,9,10,9,10,
17,18,17,18,17,18,17,18,17,18,17,18,17,18,17,18,17,18,17,18,17,18,17,18,17,18,17,18,17,18,17,18,17,18,17,18,17,18,17,18,17,18,17,9,10,10,10,9,10,10,10,18,17,18,17,18,17,18,17,18,17,18,17,18,17,18,17,18,17,18,17,18,17,18,17,18,17,18,17,18,17,18,17,18,17,18,17,18,17,18,17,18,17,18,17,18,17,18,17,18,
9,10,9,10,9,10,9,10,9,10,9,10,9,10,9,10,9,10,9,10,9,10,9,10,9,10,9,10,9,10,9,10,9,10,9,9,10,10,10,10,10,10,10,10,10,18,18,10,10,18,18,10,10,10,10,10,9,10,9,10,9,10,9,10,9,10,9,10,9,10,9,10,9,10,9,10,9,10,9,10,9,10,9,10,9,10,9,10,9,10,9,10,9,10,9,10,9,10,9,10,
17,18,17,18,17,18,17,18,17,18,17,18,17,18,17,18,17,18,17,18,17,18,17,18,17,18,17,18,17,18,17,18,17,18,17,17,18,18,18,18,18,18,18,18,18,17,18,18,18,17,18,18,18,18,18,18,17,18,17,18,17,18,17,18,17,18,17,18,17,18,17,18,17,18,17,18,17,18,17,18,17,18,17,18,17,18,17,18,17,18,17,18,17,18,17,18,17,18,17,18,
9,10,9,10,9,10,9,10,9,10,9,10,9,10,9,10,9,10,9,10,9,10,9,10,9,10,9,10,9,10,9,10,9,10,9,10,9,10,6,6,6,6,6,6,6,6,6,6,6,6,6,6,9,9,10,10,9,10,9,10,9,10,9,10,9,10,9,10,9,10,9,10,9,10,9,10,9,10,9,10,9,10,9,10,9,10,9,10,9,10,9,10,9,10,9,10,9,10,9,10,
17,18,17,18,17,18,17,18,17,18,17,18,17,18,17,18,17,18,17,18,17,18,17,18,17,18,17,18,17,18,17,18,9,10,17,18,17,18,6,6,6,6,6,6,6,6,6,6,6,6,6,6,17,17,18,18,17,18,17,18,17,18,17,18,17,18,17,18,17,18,17,18,17,18,17,18,17,18,17,18,17,18,17,18,17,18,17,18,17,18,17,18,17,18,17,18,17,18,17,18,
9,10,9,10,9,10,9,10,9,10,9,10,9,10,9,10,9,10,9,10,9,10,9,10,9,10,9,10,9,10,9,10,17,18,17,18,6,6,6,6,6,6,6,6,6,6,6,6,6,6,6,6,6,17,18,10,9,10,9,10,9,10,9,10,9,10,9,10,9,10,9,10,9,10,9,10,9,10,9,10,9,10,9,10,9,10,9,10,9,10,9,10,9,10,9,10,9,10,9,10,
17,18,17,18,17,18,17,18,17,18,17,18,17,18,17,18,17,18,17,18,17,18,17,18,17,18,17,18,9,10,9,10,17,18,6,6,6,6,6,6,6,6,6,6,6,6,6,6,6,6,6,6,6,17,18,18,10,18,17,18,17,18,17,18,17,18,17,18,17,18,17,18,17,18,17,18,17,18,17,18,17,18,17,18,17,18,17,18,17,18,17,18,17,18,17,18,17,18,17,18,
9,10,9,10,9,10,9,10,9,10,9,10,9,10,9,10,9,10,9,10,9,10,9,10,9,10,9,10,9,10,17,18,17,18,6,6,6,6,6,6,6,6,6,6,6,6,6,6,6,6,6,6,6,6,17,18,18,10,10,10,9,10,9,10,9,10,9,10,9,10,9,10,9,10,9,10,9,10,9,10,9,10,9,10,9,10,9,10,9,10,9,10,9,10,9,10,9,10,9,10,
17,18,17,18,17,18,17,18,17,18,17,18,17,18,17,18,17,18,17,18,17,18,17,18,17,18,17,18,9,10,17,18,6,6,6,6,6,6,6,6,6,6,6,6,6,6,6,6,6,6,6,6,6,6,6,17,18,18,18,10,10,18,17,18,17,18,17,18,17,18,17,18,17,18,17,18,17,18,17,18,17,18,17,18,17,18,17,18,17,18,17,18,17,18,17,18,17,18,17,18,
9,10,9,10,9,10,9,10,9,10,9,10,9,10,9,10,9,10,9,10,9,10,9,10,9,10,9,10,9,10,17,18,6,6,6,6,6,6,6,6,6,6,6,6,6,6,6,6,6,6,6,6,6,6,6,6,6,17,18,18,18,10,9,10,9,10,9,10,9,10,9,10,9,10,9,10,9,10,9,10,9,10,9,10,9,10,9,10,9,10,9,10,9,10,9,10,9,10,9,10,
17,18,17,18,17,18,17,18,17,18,17,18,17,18,17,18,17,18,17,18,17,18,17,18,17,18,17,18,9,10,6,6,6,6,6,6,6,6,6,6,6,6,6,6,6,6,6,6,6,6,6,6,6,6,6,6,6,6,6,17,18,18,10,10,10,18,17,18,17,18,17,18,17,18,17,18,17,18,17,18,17,18,17,18,17,18,17,18,17,18,17,18,17,18,17,18,17,18,17,18,
9,10,9,10,9,10,9,10,9,10,9,10,9,10,9,10,9,10,9,10,9,10,9,10,9,10,9,10,9,10,6,6,6,6,6,6,6,6,6,6,6,6,6,6,6,6,6,6,6,6,6,6,6,6,6,6,6,6,6,6,17,18,18,18,18,10,9,10,9,10,9,10,9,10,9,10,9,10,9,10,9,10,9,10,9,10,9,10,9,10,9,10,9,10,9,10,9,10,9,10,
17,18,17,18,17,18,17,18,17,18,17,18,17,18,17,18,17,18,17,18,17,18,17,18,17,18,17,18,9,10,6,6,6,6,6,6,6,6,6,6,6,6,6,6,6,6,6,6,6,6,6,6,6,6,6,6,6,6,6,6,6,6,6,17,18,18,17,18,17,18,17,18,17,18,17,18,17,18,17,18,17,18,17,18,17,18,17,18,17,18,17,18,17,18,17,18,17,18,17,18,
9,10,9,10,9,10,9,10,9,10,9,10,9,10,30,31,31,31,32,10,9,10,9,10,9,10,9,10,9,10,6,6,6,6,6,6,6,6,6,6,6,6,6,6,14,15,6,6,6,6,6,6,6,6,6,6,6,6,6,6,6,6,6,6,17,18,9,10,9,10,9,10,9,10,9,10,9,10,9,10,9,10,9,10,9,10,9,10,9,10,9,10,9,10,9,10,9,10,9,10,
17,18,17,18,17,18,17,18,17,18,17,18,17,18,38,39,39,39,40,18,17,18,17,18,17,18,17,18,9,10,6,6,6,6,6,14,15,6,6,6,6,6,6,6,22,23,6,6,6,6,6,6,6,6,6,6,6,6,6,6,6,6,6,9,17,18,17,18,17,18,17,18,17,18,17,18,17,18,17,18,17,18,17,18,17,18,17,18,17,18,17,18,17,18,17,18,17,18,17,18,
9,10,9,10,9,10,9,10,9,10,9,10,9,10,38,39,39,39,40,10,9,10,9,10,9,10,9,10,9,10,6,6,6,6,6,22,23,6,6,6,6,6,6,6,6,6,6,6,6,6,6,6,6,6,6,6,6,6,6,6,6,6,6,17,17,18,9,10,9,10,9,10,9,10,9,10,9,10,9,10,9,10,9,10,9,10,9,10,9,10,9,10,9,10,9,10,9,10,9,10,
17,18,17,18,17,18,17,18,17,18,17,18,17,18,38,47,39,39,40,18,17,18,17,18,17,18,17,18,9,10,6,6,6,6,6,6,6,6,6,6,6,6,6,6,6,6,6,6,6,6,6,6,6,6,6,6,6,6,6,6,6,6,6,17,18,18,17,18,17,18,17,18,17,18,17,18,17,18,17,18,17,18,17,18,17,18,17,18,17,18,17,18,17,18,17,18,17,18,17,18,
9,10,9,10,9,10,9,10,9,10,9,10,9,10,46,47,47,47,48,10,9,10,9,10,9,10,9,10,9,10,6,6,6,6,6,6,6,6,6,6,6,6,6,6,6,6,6,6,6,6,6,6,14,15,6,6,6,6,6,6,6,6,6,17,18,10,9,10,9,10,9,10,9,10,9,10,9,10,9,10,9,10,9,10,9,10,9,10,9,10,9,10,9,10,9,10,9,10,9,10,
17,18,17,18,17,18,17,18,17,18,17,18,17,18,17,18,17,18,17,18,17,18,17,18,17,18,17,18,9,10,6,6,6,6,6,6,6,6,6,6,6,6,6,6,6,6,6,6,6,6,6,6,22,23,6,6,6,6,6,6,6,6,6,17,18,18,17,18,17,18,17,18,17,18,17,18,17,18,17,18,17,18,17,18,17,18,17,18,17,18,17,18,17,18,17,18,17,18,17,18,
9,10,9,10,9,10,9,10,9,10,9,10,9,10,9,10,9,10,9,10,9,10,9,10,9,10,9,10,9,10,6,6,6,6,6,6,6,6,6,3,4,4,4,4,4,4,4,5,6,6,6,6,6,6,6,6,6,6,6,6,6,6,6,17,18,10,9,10,9,10,9,10,9,10,9,10,9,10,9,10,9,10,9,10,9,10,9,10,9,10,9,10,9,10,9,10,9,10,9,10,
17,18,17,18,17,18,17,18,17,18,17,18,17,18,17,18,17,18,17,18,17,18,17,18,17,18,17,18,9,10,6,6,6,6,6,6,6,6,6,11,33,34,34,34,34,34,35,13,6,6,6,6,6,6,6,6,6,6,6,6,6,6,6,17,18,10,17,18,17,18,17,18,17,18,17,18,17,18,17,18,17,18,17,18,17,18,17,18,17,18,17,18,17,18,17,18,17,18,17,18,
9,10,9,10,9,10,9,10,9,10,9,10,9,10,9,10,9,10,9,10,9,10,9,10,9,10,9,10,9,10,6,6,6,6,6,6,6,6,6,11,41,26,25,27,26,26,43,13,6,6,6,6,6,6,6,6,6,6,6,6,6,6,6,6,17,18,9,10,9,10,9,10,9,10,9,10,9,10,9,10,9,10,9,10,9,10,9,10,9,10,9,10,9,10,9,10,9,10,9,10,
17,18,17,18,17,18,17,18,17,18,17,18,17,18,17,18,17,18,17,18,17,18,17,18,17,18,17,18,9,10,6,6,6,6,6,6,6,6,6,11,41,42,25,27,27,42,51,13,6,6,6,6,6,6,6,6,6,6,6,6,6,6,6,6,17,18,17,18,17,18,17,18,17,18,17,18,17,18,17,18,17,18,17,18,17,18,17,18,17,18,17,18,17,18,17,18,17,18,17,18,
9,10,9,10,9,10,9,10,9,10,9,10,9,10,9,10,9,10,9,10,9,10,9,10,9,10,9,10,9,10,6,6,6,6,6,6,6,6,6,11,41,26,42,25,25,51,23,21,6,6,6,6,6,6,6,6,6,6,6,6,6,6,6,6,17,18,9,10,9,10,9,10,9,10,9,10,9,10,9,10,9,10,9,10,9,10,9,10,9,10,9,10,9,10,9,10,9,10,9,10,
17,18,17,18,17,18,17,18,17,18,17,18,17,18,17,18,17,18,17,18,17,18,17,18,17,18,17,18,9,10,6,6,6,6,6,6,6,6,6,11,49,50,50,50,51,23,6,6,6,6,6,6,6,6,6,6,6,6,6,6,6,6,6,9,17,18,17,18,17,18,17,18,17,18,17,18,17,18,17,18,17,18,17,18,17,18,17,18,17,18,17,18,17,18,17,18,17,18,17,18,
9,10,9,10,9,10,9,10,9,10,9,10,9,10,9,10,9,10,9,10,9,10,9,10,9,10,9,10,9,10,6,6,6,6,6,6,6,6,6,19,22,20,20,20,23,6,6,6,9,9,9,9,9,9,9,9,9,9,9,9,9,9,9,17,17,18,9,10,9,10,9,10,9,10,9,10,9,10,9,10,9,10,9,10,9,10,9,10,9,10,9,10,9,10,9,10,9,10,9,10,
17,18,17,18,17,18,17,18,17,18,17,18,17,18,17,18,17,18,17,18,17,18,17,18,17,18,17,18,9,10,6,6,9,9,9,10,6,6,6,6,6,6,9,10,6,6,9,9,17,17,17,17,17,17,17,17,17,17,17,17,17,17,17,17,18,18,17,18,17,18,17,18,17,18,17,18,17,18,17,18,17,18,17,18,17,18,17,18,17,18,17,18,17,18,17,18,17,18,17,18,
9,10,9,10,9,10,9,10,9,10,9,10,9,10,9,10,9,10,9,10,9,10,9,10,9,10,9,10,9,9,9,9,17,17,9,9,9,9,9,9,9,9,9,9,9,9,17,17,17,18,9,10,9,10,9,10,9,10,9,10,9,10,9,10,9,10,9,10,9,10,9,10,9,10,9,10,9,10,9,10,9,10,9,10,9,10,9,10,9,10,9,10,9,10,9,10,9,10,9,10,
17,18,17,18,17,18,17,18,17,18,17,18,17,18,17,18,17,18,17,18,17,18,17,18,17,18,17,18,17,17,17,17,17,18,17,17,17,17,17,17,17,17,17,17,17,17,17,17,18,18,17,18,17,18,17,18,17,18,17,18,17,18,17,18,17,18,17,18,17,18,17,18,17,18,17,18,17,18,17,18,17,18,17,18,17,18,17,18,17,18,17,18,17,18,17,18,17,18,17,18,
9,10,9,10,9,10,9,10,9,10,9,10,9,10,9,10,9,10,9,10,9,10,9,10,9,10,9,10,9,10,9,10,9,10,9,10,9,10,9,10,9,10,9,10,9,10,9,10,9,10,9,10,9,10,9,10,9,10,9,10,9,10,9,10,9,10,9,10,9,10,9,10,9,10,9,10,9,10,9,10,9,10,9,10,9,10,9,10,9,10,9,10,9,10,9,10,9,10,9,10,
17,18,17,18,17,18,17,18,17,18,17,18,17,18,17,18,17,18,17,18,17,18,17,18,17,18,17,18,17,18,17,18,17,18,17,18,17,18,17,18,17,18,17,18,17,18,17,18,17,18,17,18,17,18,17,18,17,18,17,18,17,18,17,18,17,18,17,18,17,18,17,18,17,18,17,18,17,18,17,18,17,18,17,18,17,18,17,18,17,18,17,18,17,18,17,18,17,18,17,18,
9,10,9,10,9,10,9,10,9,10,9,10,9,10,9,10,9,10,9,10,9,10,9,10,9,10,9,10,9,10,9,10,9,10,9,10,9,10,9,10,9,10,9,10,9,10,9,10,9,10,9,10,9,10,9,10,9,10,9,10,9,10,9,10,9,10,9,10,9,10,9,10,9,10,9,10,9,10,9,10,9,10,9,10,9,10,9,10,9,10,9,10,9,10,9,10,9,10,9,10,
17,18,17,18,17,18,17,18,17,18,17,18,17,18,17,18,17,18,17,18,17,18,17,18,17,18,17,18,17,18,17,18,17,18,17,18,17,18,17,18,17,18,17,18,17,18,17,18,17,18,17,18,17,18,17,18,17,18,17,18,17,18,17,18,17,18,17,18,17,18,17,18,17,18,17,18,17,18,17,18,17,18,17,18,17,18,17,18,17,18,17,18,17,18,17,18,17,18,17,18,
9,10,9,10,9,10,9,10,9,10,9,10,9,10,9,10,9,10,9,10,9,10,9,10,9,10,9,10,9,10,9,10,9,10,9,10,9,10,9,10,9,10,9,10,9,10,9,10,9,10,9,10,9,10,9,10,9,10,9,10,9,10,9,10,9,10,9,10,9,10,9,10,9,10,9,10,9,10,9,10,9,10,9,10,9,10,9,10,9,10,9,10,9,10,9,10,9,10,9,10,
17,18,17,18,17,18,17,18,17,18,17,18,17,18,17,18,17,18,17,18,17,18,17,18,17,18,17,18,17,18,17,18,17,18,17,18,17,18,17,18,17,18,17,18,17,18,17,18,17,18,17,18,17,18,17,18,17,18,17,18,17,18,17,18,17,18,17,18,17,18,17,18,17,18,17,18,17,18,17,18,17,18,17,18,17,18,17,18,17,18,17,18,17,18,17,18,17,18,17,18,
9,10,9,10,9,10,9,10,9,10,9,10,9,10,9,10,9,10,9,10,9,10,9,10,9,10,9,10,9,10,9,10,9,10,9,10,9,10,9,10,9,10,9,10,9,10,9,10,9,10,9,10,9,10,9,10,9,10,9,10,9,10,9,10,9,10,9,10,9,10,9,10,9,10,9,10,9,10,9,10,9,10,9,10,9,10,9,10,9,10,9,10,9,10,9,10,9,10,9,10,
17,18,17,18,17,18,17,18,17,18,17,18,17,18,17,18,17,18,17,18,17,18,17,18,17,18,17,18,17,18,17,18,17,18,17,18,17,18,17,18,17,18,17,18,17,18,17,18,17,18,17,18,17,18,17,18,17,18,17,18,17,18,17,18,17,18,17,18,17,18,17,18,17,18,17,18,17,18,17,18,17,18,17,18,17,18,17,18,17,18,17,18,17,18,17,18,17,18,17,18,
9,10,9,10,9,10,9,10,9,10,9,10,9,10,9,10,9,10,9,10,9,10,9,10,9,10,9,10,9,10,9,10,9,10,9,10,9,10,9,10,9,10,9,10,9,10,9,10,9,10,9,10,9,10,9,10,9,10,9,10,9,10,9,10,9,10,9,10,9,10,9,10,9,10,9,10,9,10,9,10,9,10,9,10,9,10,9,10,9,10,9,10,9,10,9,10,9,10,9,10,
17,18,17,18,17,18,17,18,17,18,17,18,17,18,17,18,17,18,17,18,17,18,17,18,17,18,17,18,17,18,17,18,17,18,17,18,17,18,17,18,17,18,17,18,17,18,17,18,17,18,17,18,17,18,17,18,17,18,17,18,17,18,17,18,17,18,17,18,17,18,17,18,17,18,17,18,17,18,17,18,17,18,17,18,17,18,17,18,17,18,17,18,17,18,17,18,17,18,17,18,
9,10,9,10,9,10,9,10,9,10,9,10,9,10,9,10,9,10,9,10,9,10,9,10,9,10,9,10,9,10,9,10,9,10,9,10,9,10,9,10,9,10,9,10,9,10,9,10,9,10,9,10,9,10,9,10,9,10,9,10,9,10,9,10,9,10,9,10,9,10,9,10,9,10,9,10,9,10,9,10,9,10,9,10,9,10,9,10,9,10,9,10,9,10,9,10,9,10,9,10,
17,18,17,18,17,18,17,18,17,18,17,18,17,18,17,18,17,18,17,18,17,18,17,18,17,18,17,18,17,18,17,18,17,18,17,18,17,18,17,18,17,18,17,18,17,18,17,18,17,18,17,18,17,18,17,18,17,18,17,18,17,18,17,18,17,18,17,18,17,18,17,18,17,18,17,18,17,18,17,18,17,18,17,18,17,18,17,18,17,18,17,18,17,18,17,18,17,18,17,18,
9,10,9,10,9,10,9,10,9,10,9,10,9,10,9,10,9,10,9,10,9,10,9,10,9,10,9,10,9,10,9,10,9,10,9,10,9,10,9,10,9,10,9,10,9,10,9,10,9,10,9,10,9,10,9,10,9,10,9,10,9,10,9,10,9,10,9,10,9,10,9,10,9,10,9,10,9,10,9,10,9,10,9,10,9,10,9,10,9,10,9,10,9,10,9,10,9,10,9,10,
17,18,17,18,17,18,17,18,17,18,17,18,17,18,17,18,17,18,17,18,17,18,17,18,17,18,17,18,17,18,17,18,17,18,17,18,17,18,17,18,17,18,17,18,17,18,17,18,17,18,17,18,17,18,17,18,17,18,17,18,17,18,17,18,17,18,17,18,17,18,17,18,17,18,17,18,17,18,17,18,17,18,17,18,17,18,17,18,17,18,17,18,17,18,17,18,17,18,17,18,
9,10,9,10,9,10,9,10,9,10,9,10,9,10,9,10,9,10,9,10,9,10,9,10,9,10,9,10,9,10,9,10,9,10,9,10,9,10,9,10,9,10,9,10,9,10,9,10,9,10,9,10,9,10,9,10,9,10,9,10,9,10,9,10,9,10,9,10,9,10,9,10,9,10,9,10,9,10,9,10,9,10,9,10,9,10,9,10,9,10,9,10,9,10,9,10,9,10,9,10,
17,18,17,18,17,18,17,18,17,18,17,18,17,18,17,18,17,18,17,18,17,18,17,18,17,18,17,18,17,18,17,18,17,18,17,18,17,18,17,18,17,18,17,18,17,18,17,18,17,18,17,18,17,18,17,18,17,18,17,18,17,18,17,18,17,18,17,18,17,18,17,18,17,18,17,18,17,18,17,18,17,18,17,18,17,18,17,18,17,18,17,18,17,18,17,18,17,18,17,18,
9,10,9,10,9,10,9,10,9,10,9,10,9,10,9,10,9,10,9,10,9,10,9,10,9,10,9,10,9,10,9,10,9,10,9,10,9,10,9,10,9,10,9,10,9,10,9,10,9,10,9,10,9,10,9,10,9,10,9,10,9,10,9,10,9,10,9,10,9,10,9,10,9,10,9,10,9,10,9,10,9,10,9,10,9,10,9,10,9,10,9,10,9,10,9,10,9,10,9,10,
17,18,17,18,17,18,17,18,17,18,17,18,17,18,17,18,17,18,17,18,17,18,17,18,17,18,17,18,17,18,17,18,17,18,17,18,17,18,17,18,17,18,17,18,17,18,17,18,17,18,17,18,17,18,17,18,17,18,17,18,17,18,17,18,17,18,17,18,17,18,17,18,17,18,17,18,17,18,17,18,17,18,17,18,17,18,17,18,17,18,17,18,17,18,17,18,17,18,17,18,
9,10,9,10,9,10,9,10,9,10,9,10,9,10,9,10,9,10,9,10,9,10,9,10,9,10,9,10,9,10,9,10,9,10,9,10,9,10,9,10,9,10,9,10,9,10,9,10,9,10,9,10,9,10,9,10,9,10,9,10,9,10,9,10,9,10,9,10,9,10,9,10,9,10,9,10,9,10,9,10,9,10,9,10,9,10,9,10,9,10,9,10,9,10,9,10,9,10,9,10,
17,18,17,18,17,18,17,18,17,18,17,18,17,18,17,18,17,18,17,18,17,18,17,18,17,18,17,18,17,18,17,18,17,18,17,18,17,18,17,18,17,18,17,18,17,18,17,18,17,18,17,18,17,18,17,18,17,18,17,18,17,18,17,18,17,18,17,18,17,18,17,18,17,18,17,18,17,18,17,18,17,18,17,18,17,18,17,18,17,18,17,18,17,18,17,18,17,18,17,18,
9,10,9,10,9,10,9,10,9,10,9,10,9,10,9,10,9,10,9,10,9,10,9,10,9,10,9,10,9,10,9,10,9,10,9,10,9,10,9,10,9,10,9,10,9,10,9,10,9,10,9,10,9,10,9,10,9,10,9,10,9,10,9,10,9,10,9,10,9,10,9,10,9,10,9,10,9,10,9,10,9,10,9,10,9,10,9,10,9,10,9,10,9,10,9,10,9,10,9,10,
17,18,17,18,17,18,17,18,17,18,17,18,17,18,17,18,17,18,17,18,17,18,17,18,17,18,17,18,17,18,17,18,17,18,17,18,17,18,17,18,17,18,17,18,17,18,17,18,17,18,17,18,17,18,17,18,17,18,17,18,17,18,17,18,17,18,17,18,17,18,17,18,17,18,17,18,17,18,17,18,17,18,17,18,17,18,17,18,17,18,17,18,17,18,17,18,17,18,17,18,
9,10,9,10,9,10,9,10,9,10,9,10,9,10,9,10,9,10,9,10,9,10,9,10,9,10,9,10,9,10,9,10,9,10,9,10,9,10,9,10,9,10,9,10,9,10,9,10,9,10,9,10,9,10,9,10,9,10,9,10,9,10,9,10,9,10,9,10,9,10,9,10,9,10,9,10,9,10,9,10,9,10,9,10,9,10,9,10,9,10,9,10,9,10,9,10,9,10,9,10,
17,18,17,18,17,18,17,18,17,18,17,18,17,18,17,18,17,18,17,18,17,18,17,18,17,18,17,18,17,18,17,18,17,18,17,18,17,18,17,18,17,18,17,18,17,18,17,18,17,18,17,18,17,18,17,18,17,18,17,18,17,18,17,18,17,18,17,18,17,18,17,18,17,18,17,18,17,18,17,18,17,18,17,18,17,18,17,18,17,18,17,18,17,18,17,18,17,18,17,18,
9,10,9,10,9,10,9,10,9,10,9,10,9,10,9,10,9,10,9,10,9,10,9,10,9,10,9,10,9,10,9,10,9,10,9,10,9,10,9,10,9,10,9,10,9,10,9,10,9,10,9,10,9,10,9,10,9,10,9,10,9,10,9,10,9,10,9,10,9,10,9,10,9,10,9,10,9,10,9,10,9,10,9,10,9,10,9,10,9,10,9,10,9,10,9,10,9,10,9,10,
17,18,17,18,17,18,17,18,17,18,17,18,17,18,17,18,17,18,17,18,17,18,17,18,17,18,17,18,17,18,17,18,17,18,17,18,17,18,17,18,17,18,17,18,17,18,17,18,17,18,17,18,17,18,17,18,17,18,17,18,17,18,17,18,17,18,17,18,17,18,17,18,17,18,17,18,17,18,17,18,17,18,17,18,17,18,17,18,17,18,17,18,17,18,17,18,17,18,17,18,
9,10,9,10,9,10,9,10,9,10,9,10,9,10,9,10,9,10,9,10,9,10,9,10,9,10,9,10,9,10,9,10,9,10,9,10,9,10,9,10,9,10,9,10,9,10,9,10,9,10,9,10,9,10,9,10,9,10,9,10,9,10,9,10,9,10,9,10,9,10,9,10,9,10,9,10,9,10,9,10,9,10,9,10,9,10,9,10,9,10,9,10,9,10,9,10,9,10,9,10,
17,18,17,18,17,18,17,18,17,18,17,18,17,18,17,18,17,18,17,18,17,18,17,18,17,18,17,18,17,18,17,18,17,18,17,18,17,18,17,18,17,18,17,18,17,18,17,18,17,18,17,18,17,18,17,18,17,18,17,18,17,18,17,18,17,18,17,18,17,18,17,18,17,18,17,18,17,18,17,18,17,18,17,18,17,18,17,18,17,18,17,18,17,18,17,18,17,18,17,18,
9,10,9,10,9,10,9,10,9,10,9,10,9,10,9,10,9,10,9,10,9,10,9,10,9,10,9,10,9,10,9,10,9,10,9,10,9,10,9,10,9,10,9,10,9,10,9,10,9,10,9,10,9,10,9,10,9,10,9,10,9,10,9,10,9,10,9,10,9,10,9,10,9,10,9,10,9,10,9,10,9,10,9,10,9,10,9,10,9,10,9,10,9,10,9,10,9,10,9,10,
17,18,17,18,17,18,17,18,17,18,17,18,17,18,17,18,17,18,17,18,17,18,17,18,17,18,17,18,17,18,17,18,17,18,17,18,17,18,17,18,17,18,17,18,17,18,17,18,17,18,17,18,17,18,17,18,17,18,17,18,17,18,17,18,17,18,17,18,17,18,17,18,17,18,17,18,17,18,17,18,17,18,17,18,17,18,17,18,17,18,17,18,17,18,17,18,17,18,17,18,
9,10,9,10,9,10,9,10,9,10,9,10,9,10,9,10,9,10,9,10,9,10,9,10,9,10,9,10,9,10,9,10,9,10,9,10,9,10,9,10,9,10,9,10,9,10,9,10,9,10,9,10,9,10,9,10,9,10,9,10,9,10,9,10,9,10,9,10,9,10,9,10,9,10,9,10,9,10,9,10,9,10,9,10,9,10,9,10,9,10,9,10,9,10,9,10,9,10,9,10,
17,18,17,18,17,18,17,18,17,18,17,18,17,18,17,18,17,18,17,18,17,18,17,18,17,18,17,18,17,18,17,18,17,18,17,18,17,18,17,18,17,18,17,18,17,18,17,18,17,18,17,18,17,18,17,18,17,18,17,18,17,18,17,18,17,18,17,18,17,18,17,18,17,18,17,18,17,18,17,18,17,18,17,18,17,18,17,18,17,18,17,18,17,18,17,18,17,18,17,18,
9,10,9,10,9,10,9,10,9,10,9,10,9,10,9,10,9,10,9,10,9,10,9,10,9,10,9,10,9,10,9,10,9,10,9,10,9,10,9,10,9,10,9,10,9,10,9,10,9,10,9,10,9,10,9,10,9,10,9,10,9,10,9,10,9,10,9,10,9,10,9,10,9,10,9,10,9,10,9,10,9,10,9,10,9,10,9,10,9,10,9,10,9,10,9,10,9,10,9,10,
17,18,17,18,17,18,17,18,17,18,17,18,17,18,17,18,17,18,17,18,17,18,17,18,17,18,17,18,17,18,17,18,17,18,17,18,17,18,17,18,17,18,17,18,17,18,17,18,17,18,17,18,17,18,17,18,17,18,17,18,17,18,17,18,17,18,17,18,17,18,17,18,17,18,17,18,17,18,17,18,17,18,17,18,17,18,17,18,17,18,17,18,17,18,17,18,17,18,17,18,
9,10,9,10,9,10,9,10,9,10,9,10,9,10,9,10,9,10,9,10,9,10,9,10,9,10,9,10,9,10,9,10,9,10,9,10,9,10,9,10,9,10,9,10,9,10,9,10,9,10,9,10,9,10,9,10,9,10,9,10,9,10,9,10,9,10,9,10,9,10,9,10,9,10,9,10,9,10,9,10,9,10,9,10,9,10,9,10,9,10,9,10,9,10,9,10,9,10,9,10,
17,18,17,18,17,18,17,18,17,18,17,18,17,18,17,18,17,18,17,18,17,18,17,18,17,18,17,18,17,18,17,18,17,18,17,18,17,18,17,18,17,18,17,18,17,18,17,18,17,18,17,18,17,18,17,18,17,18,17,18,17,18,17,18,17,18,17,18,17,18,17,18,17,18,17,18,17,18,17,18,17,18,17,18,17,18,17,18,17,18,17,18,17,18,17,18,17,18,17,18,
9,10,9,10,9,10,9,10,9,10,9,10,9,10,9,10,9,10,9,10,9,10,9,10,9,10,9,10,9,10,9,10,9,10,9,10,9,10,9,10,9,10,9,10,9,10,9,10,9,10,9,10,9,10,9,10,9,10,9,10,9,10,9,10,9,10,9,10,9,10,9,10,9,10,9,10,9,10,9,10,9,10,9,10,9,10,9,10,9,10,9,10,9,10,9,10,9,10,9,10,
17,18,17,18,17,18,17,18,17,18,17,18,17,18,17,18,17,18,17,18,17,18,17,18,17,18,17,18,17,18,17,18,17,18,17,18,17,18,17,18,17,18,17,18,17,18,17,18,17,18,17,18,17,18,17,18,17,18,17,18,17,18,17,18,17,18,17,18,17,18,17,18,17,18,17,18,17,18,17,18,17,18,17,18,17,18,17,18,17,18,17,18,17,18,17,18,17,18,17,18,
9,10,9,10,9,10,9,10,9,10,9,10,9,10,9,10,9,10,9,10,9,10,9,10,9,10,9,10,9,10,9,10,9,10,9,10,9,10,9,10,9,10,9,10,9,10,9,10,9,10,9,10,9,10,9,10,9,10,9,10,9,10,9,10,9,10,9,10,9,10,9,10,9,10,9,10,9,10,9,10,9,10,9,10,9,10,9,10,9,10,9,10,9,10,9,10,9,10,9,10,
17,18,17,18,17,18,17,18,17,18,17,18,17,18,17,18,17,18,17,18,17,18,17,18,17,18,17,18,17,18,17,18,17,18,17,18,17,18,17,18,17,18,17,18,17,18,17,18,17,18,17,18,17,18,17,18,17,18,17,18,17,18,17,18,17,18,17,18,17,18,17,18,17,18,17,18,17,18,17,18,17,18,17,18,17,18,17,18,17,18,17,18,17,18,17,18,17,18,17,18,
9,10,9,10,9,10,9,10,9,10,9,10,9,10,9,10,9,10,9,10,9,10,9,10,9,10,9,10,9,10,9,10,9,10,9,10,9,10,9,10,9,10,9,10,9,10,9,10,9,10,9,10,9,10,9,10,9,10,9,10,9,10,9,10,9,10,9,10,9,10,9,10,9,10,9,10,9,10,9,10,9,10,9,10,9,10,9,10,9,10,9,10,9,10,9,10,9,10,9,10,
17,18,17,18,17,18,17,18,17,18,17,18,17,18,17,18,17,18,17,18,17,18,17,18,17,18,17,18,17,18,17,18,17,18,17,18,17,18,17,18,17,18,17,18,17,18,17,18,17,18,17,18,17,18,17,18,17,18,17,18,17,18,17,18,17,18,17,18,17,18,17,18,17,18,17,18,17,18,17,18,17,18,17,18,17,18,17,18,17,18,17,18,17,18,17,18,17,18,17,18,
9,10,9,10,9,10,9,10,9,10,9,10,9,10,9,10,9,10,9,10,9,10,9,10,9,10,9,10,9,10,9,10,9,10,9,10,9,10,9,10,9,10,9,10,9,10,9,10,9,10,9,10,9,10,9,10,9,10,9,10,9,10,9,10,9,10,9,10,9,10,9,10,9,10,9,10,9,10,9,10,9,10,9,10,9,10,9,10,9,10,9,10,9,10,9,10,9,10,9,10,
17,18,17,18,17,18,17,18,17,18,17,18,17,18,17,18,17,18,17,18,17,18,17,18,17,18,17,18,17,18,17,18,17,18,17,18,17,18,17,18,17,18,17,18,17,18,17,18,17,18,17,18,17,18,17,18,17,18,17,18,17,18,17,18,17,18,17,18,17,18,17,18,17,18,17,18,17,18,17,18,17,18,17,18,17,18,17,18,17,18,17,18,17,18,17,18,17,18,17,18,
9,10,9,10,9,10,9,10,9,10,9,10,9,10,9,10,9,10,9,10,9,10,9,10,9,10,9,10,9,10,9,10,9,10,9,10,9,10,9,10,9,10,9,10,9,10,9,10,9,10,9,10,9,10,9,10,9,10,9,10,9,10,9,10,9,10,9,10,9,10,9,10,9,10,9,10,9,10,9,10,9,10,9,10,9,10,9,10,9,10,9,10,9,10,9,10,9,10,9,10,
17,18,17,18,17,18,17,18,17,18,17,18,17,18,17,18,17,18,17,18,17,18,17,18,17,18,17,18,17,18,17,18,17,18,17,18,17,18,17,18,17,18,17,18,17,18,17,18,17,18,17,18,17,18,17,18,17,18,17,18,17,18,17,18,17,18,17,18,17,18,17,18,17,18,17,18,17,18,17,18,17,18,17,18,17,18,17,18,17,18,17,18,17,18,17,18,17,18,17,18,
9,10,9,10,9,10,9,10,9,10,9,10,9,10,9,10,9,10,9,10,9,10,9,10,9,10,9,10,9,10,9,10,9,10,9,10,9,10,9,10,9,10,9,10,9,10,9,10,9,10,9,10,9,10,9,10,9,10,9,10,9,10,9,10,9,10,9,10,9,10,9,10,9,10,9,10,9,10,9,10,9,10,9,10,9,10,9,10,9,10,9,10,9,10,9,10,9,10,9,10,
17,18,17,18,17,18,17,18,17,18,17,18,17,18,17,18,17,18,17,18,17,18,17,18,17,18,17,18,17,18,17,18,17,18,17,18,17,18,17,18,17,18,17,18,17,18,17,18,17,18,17,18,17,18,17,18,17,18,17,18,17,18,17,18,17,18,17,18,17,18,17,18,17,18,17,18,17,18,17,18,17,18,17,18,17,18,17,18,17,18,17,18,17,18,17,18,17,18,17,18,
9,10,9,10,9,10,9,10,9,10,9,10,9,10,9,10,9,10,9,10,9,10,9,10,9,10,9,10,9,10,9,10,9,10,9,10,9,10,9,10,9,10,9,10,9,10,9,10,9,10,9,10,9,10,9,10,9,10,9,10,9,10,9,10,9,10,9,10,9,10,9,10,9,10,9,10,9,10,9,10,9,10,9,10,9,10,9,10,9,10,9,10,9,10,9,10,9,10,9,10,
17,18,17,18,17,18,17,18,17,18,17,18,17,18,17,18,17,18,17,18,17,18,17,18,17,18,17,18,17,18,17,18,17,18,17,18,17,18,17,18,17,18,17,18,17,18,17,18,17,18,17,18,17,18,17,18,17,18,17,18,17,18,17,18,17,18,17,18,17,18,17,18,17,18,17,18,17,18,17,18,17,18,17,18,17,18,17,18,17,18,17,18,17,18,17,18,17,18,17,18,
9,10,9,10,9,10,9,10,9,10,9,10,9,10,9,10,9,10,9,10,9,10,9,10,9,10,9,10,9,10,9,10,9,10,9,10,9,10,9,10,9,10,9,10,9,10,9,10,9,10,9,10,9,10,9,10,9,10,9,10,9,10,9,10,9,10,9,10,9,10,9,10,9,10,9,10,9,10,9,10,9,10,9,10,9,10,9,10,9,10,9,10,9,10,9,10,9,10,9,10,
17,18,17,18,17,18,17,18,17,18,17,18,17,18,17,18,17,18,17,18,17,18,17,18,17,18,17,18,17,18,17,18,17,18,17,18,17,18,17,18,17,18,17,18,17,18,17,18,17,18,17,18,17,18,17,18,17,18,17,18,17,18,17,18,17,18,17,18,17,18,17,18,17,18,17,18,17,18,17,18,17,18,17,18,17,18,17,18,17,18,17,18,17,18,17,18,17,18,17,18,
9,10,9,10,9,10,9,10,9,10,9,10,9,10,9,10,9,10,9,10,9,10,9,10,9,10,9,10,9,10,9,10,9,10,9,10,9,10,9,10,9,10,9,10,9,10,9,10,9,10,9,10,9,10,9,10,9,10,9,10,9,10,9,10,9,10,9,10,9,10,9,10,9,10,9,10,9,10,9,10,9,10,9,10,9,10,9,10,9,10,9,10,9,10,9,10,9,10,9,10,
17,18,17,18,17,18,17,18,17,18,17,18,17,18,17,18,17,18,17,18,17,18,17,18,17,18,17,18,17,18,17,18,17,18,17,18,17,18,17,18,17,18,17,18,17,18,17,18,17,18,17,18,17,18,17,18,17,18,17,18,17,18,17,18,17,18,17,18,17,18,17,18,17,18,17,18,17,18,17,18,17,18,17,18,17,18,17,18,17,18,17,18,17,18,17,18,17,18,17,18,
9,10,9,10,9,10,9,10,9,10,9,10,9,10,9,10,9,10,9,10,9,10,9,10,9,10,9,10,9,10,9,10,9,10,9,10,9,10,9,10,9,10,9,10,9,10,9,10,9,10,9,10,9,10,9,10,9,10,9,10,9,10,9,10,9,10,9,10,9,10,9,10,9,10,9,10,9,10,9,10,9,10,9,10,9,10,9,10,9,10,9,10,9,10,9,10,9,10,9,10,
17,18,17,18,17,18,17,18,17,18,17,18,17,18,17,18,17,18,17,18,17,18,17,18,17,18,17,18,17,18,17,18,17,18,17,18,17,18,17,18,17,18,17,18,17,18,17,18,17,18,17,18,17,18,17,18,17,18,17,18,17,18,17,18,17,18,17,18,17,18,17,18,17,18,17,18,17,18,17,18,17,18,17,18,17,18,17,18,17,18,17,18,17,18,17,18,17,18,17,18,
9,10,9,10,9,10,9,10,9,10,9,10,9,10,9,10,9,10,9,10,9,10,9,10,9,10,9,10,9,10,9,10,9,10,9,10,9,10,9,10,9,10,9,10,9,10,9,10,9,10,9,10,9,10,9,10,9,10,9,10,9,10,9,10,9,10,9,10,9,10,9,10,9,10,9,10,9,10,9,10,9,10,9,10,9,10,9,10,9,10,9,10,9,10,9,10,9,10,9,10,
17,18,17,18,17,18,17,18,17,18,17,18,17,18,17,18,17,18,17,18,17,18,17,18,17,18,17,18,17,18,17,18,17,18,17,18,17,18,17,18,17,18,17,18,17,18,17,18,17,18,17,18,17,18,17,18,17,18,17,18,17,18,17,18,17,18,17,18,17,18,17,18,17,18,17,18,17,18,17,18,17,18,17,18,17,18,17,18,17,18,17,18,17,18,17,18,17,18,17,18,
9,10,9,10,9,10,9,10,9,10,9,10,9,10,9,10,9,10,9,10,9,10,9,10,9,10,9,10,9,10,9,10,9,10,9,10,9,10,9,10,9,10,9,10,9,10,9,10,9,10,9,10,9,10,9,10,9,10,9,10,9,10,9,10,9,10,9,10,9,10,9,10,9,10,9,10,9,10,9,10,9,10,9,10,9,10,9,10,9,10,9,10,9,10,9,10,9,10,9,10,
17,18,17,18,17,18,17,18,17,18,17,18,17,18,17,18,17,18,17,18,17,18,17,18,17,18,17,18,17,18,17,18,17,18,17,18,17,18,17,18,17,18,17,18,17,18,17,18,17,18,17,18,17,18,17,18,17,18,17,18,17,18,17,18,17,18,17,18,17,18,17,18,17,18,17,18,17,18,17,18,17,18,17,18,17,18,17,18,17,18,17,18,17,18,17,18,17,18,17,18,
9,10,9,10,9,10,9,10,9,10,9,10,9,10,9,10,9,10,9,10,9,10,9,10,9,10,9,10,9,10,9,10,9,10,9,10,9,10,9,10,9,10,9,10,9,10,9,10,9,10,9,10,9,10,9,10,9,10,9,10,9,10,9,10,9,10,9,10,9,10,9,10,9,10,9,10,9,10,9,10,9,10,9,10,9,10,9,10,9,10,9,10,9,10,9,10,9,10,9,10,
17,18,17,18,17,18,17,18,17,18,17,18,17,18,17,18,17,18,17,18,17,18,17,18,17,18,17,18,17,18,17,18,17,18,17,18,17,18,17,18,17,18,17,18,17,18,17,18,17,18,17,18,17,18,17,18,17,18,17,18,17,18,17,18,17,18,17,18,17,18,17,18,17,18,17,18,17,18,17,18,17,18,17,18,17,18,17,18,17,18,17,18,17,18,17,18,17,18,17,18,
9,10,9,10,9,10,9,10,9,10,9,10,9,10,9,10,9,10,9,10,9,10,9,10,9,10,9,10,9,10,9,10,9,10,9,10,9,10,9,10,9,10,9,10,9,10,9,10,9,10,9,10,9,10,9,10,9,10,9,10,9,10,9,10,9,10,9,10,9,10,9,10,9,10,9,10,9,10,9,10,9,10,9,10,9,10,9,10,9,10,9,10,9,10,9,10,9,10,9,10,
17,18,17,18,17,18,17,18,17,18,17,18,17,18,17,18,17,18,17,18,17,18,17,18,17,18,17,18,17,18,17,18,17,18,17,18,17,18,17,18,17,18,17,18,17,18,17,18,17,18,17,18,17,18,17,18,17,18,17,18,17,18,17,18,17,18,17,18,17,18,17,18,17,18,17,18,17,18,17,18,17,18,17,18,17,18,17,18,17,18,17,18,17,18,17,18,17,18,17,18

[layer]
type=collision
data=
0,0,0,0,0,0,0,0,0,0,0,0,0,0,0,0,0,0,0,0,0,0,0,0,0,0,0,0,0,0,0,0,0,0,0,0,0,0,0,0,0,0,0,0,0,0,0,0,0,0,0,0,0,0,0,0,0,0,0,0,0,0,0,0,0,0,0,0,0,0,0,0,0,0,0,0,0,0,0,0,0,0,0,0,0,0,0,0,0,0,0,0,0,0,0,0,0,0,0,0,
0,0,0,0,0,0,0,0,0,0,0,0,0,0,0,0,0,0,0,0,0,0,0,0,0,0,0,0,0,0,0,0,0,0,0,0,0,0,0,0,0,0,0,0,0,0,0,0,0,0,0,0,0,0,0,0,0,0,0,0,0,0,0,0,0,0,0,0,0,0,0,0,0,0,0,0,0,0,0,0,0,0,0,0,0,0,0,0,0,0,0,0,0,0,0,0,0,0,0,0,
0,0,0,0,0,0,0,0,0,0,0,0,0,0,0,0,0,0,0,0,0,0,0,0,0,0,0,0,0,0,0,0,0,0,0,0,0,0,0,0,0,0,0,0,0,0,0,0,0,0,0,0,0,0,0,0,0,0,0,0,0,0,0,0,0,0,0,0,0,0,0,0,0,0,0,0,0,0,0,0,0,0,0,0,0,0,0,0,0,0,0,0,0,0,0,0,0,0,0,0,
0,0,0,0,0,0,0,0,0,0,0,0,0,0,0,0,0,0,0,0,0,0,0,0,0,0,0,0,0,0,0,0,0,0,0,0,0,116,117,118,0,0,0,0,0,0,0,0,0,0,0,0,0,68,69,0,0,0,0,0,0,0,0,0,0,0,0,0,0,0,0,0,0,0,0,0,0,0,0,0,0,0,0,0,0,0,0,0,0,0,0,0,0,0,0,0,0,0,0,0,
0,0,0,0,0,0,0,0,0,0,0,0,0,0,0,0,0,0,0,0,0,0,0,0,0,0,0,0,0,0,0,0,0,0,0,0,0,132,133,134,0,0,0,0,0,0,0,0,0,0,0,0,0,84,85,0,0,0,0,0,0,0,0,0,0,0,0,0,0,0,0,0,0,0,0,0,0,0,0,0,0,0,0,0,0,0,0,0,0,0,0,0,0,0,0,0,0,0,0,0,
0,0,0,0,0,0,0,0,0,0,0,0,0,0,0,0,0,0,0,0,0,0,0,0,0,0,0,0,0,0,0,68,69,0,0,0,0,148,149,150,0,0,0,0,86,0,0,0,0,0,0,0,0,100,101,0,0,0,0,0,0,0,0,0,0,0,0,0,0,0,0,0,0,0,0,0,0,0,0,0,0,0,0,0,0,0,0,0,0,0,0,0,0,0,0,0,0,0,0,0,
0,0,0,0,0,0,0,0,0,0,0,0,0,0,0,0,0,0,0,0,0,0,0,0,0,0,0,0,0,0,0,84,85,0,0,0,0,0,0,0,0,0,0,0,102,0,0,0,0,0,0,0,0,0,0,0,0,0,0,0,0,0,0,0,0,0,0,0,0,0,0,0,0,0,0,0,0,0,0,0,0,0,0,0,0,0,0,0,0,0,0,0,0,0,0,0,0,0,0,0,
0,0,0,0,0,0,0,0,0,0,0,0,0,0,0,0,0,0,0,0,0,0,0,0,0,0,0,0,0,0,0,100,101,0,0,0,0,0,0,0,0,0,0,0,0,0,0,0,0,86,0,0,0,0,0,0,0,0,116,117,118,0,0,0,0,0,0,0,0,0,0,0,0,0,0,0,0,0,0,0,0,0,0,0,0,0,0,0,0,0,0,0,0,0,0,0,0,0,0,0,
0,0,0,0,0,0,0,0,0,0,0,0,0,0,0,0,0,0,0,0,0,0,0,0,0,0,0,0,0,0,0,0,0,0,0,0,0,0,0,0,0,0,0,0,0,131,0,0,0,102,0,0,0,0,0,0,0,0,132,133,134,0,0,0,0,0,0,0,0,0,0,0,0,0,0,0,0,0,0,0,0,0,0,0,0,0,0,0,0,0,0,0,0,0,0,0,0,0,0,0,
0,0,0,0,0,0,0,0,0,0,0,0,0,0,0,0,0,0,0,0,0,0,0,0,0,0,0,0,0,0,0,0,0,0,0,0,0,0,0,0,0,0,0,0,0,0,0,0,0,0,0,0,0,0,0,0,0,0,148,149,150,0,0,0,0,0,0,0,0,0,0,0,0,0,0,0,0,0,0,0,0,0,0,0,0,0,0,0,0,0,0,0,0,0,0,0,0,0,0,0,
0,0,0,0,0,0,0,0,0,0,0,0,0,0,0,0,0,0,0,0,0,0,0,0,0,0,0,0,0,0,0,0,0,0,0,86,0,0,263,264,139,140,139,139,139,139,139,139,139,139,140,195,196,0,0,131,0,0,0,0,0,0,0,0,0,0,0,0,0,0,0,0,0,0,0,0,0,0,0,0,0,0,0,0,0,0,0,0,0,0,0,0,0,0,0,0,0,0,0,0,
0,0,0,0,0,0,0,0,0,0,0,0,0,0,0,0,0,0,0,116,117,118,0,0,0,0,0,0,0,0,0,0,0,0,0,102,0,0,279,280,155,156,155,155,155,155,155,155,155,155,156,211,241,242,0,0,0,0,0,86,0,0,0,0,0,0,0,0,0,0,0,0,0,0,0,0,0,0,0,0,0,0,0,0,0,0,0,0,0,0,0,0,0,0,0,0,0,0,0,0,
0,0,0,0,0,0,0,0,0,0,0,0,0,0,0,0,0,0,0,132,133,134,0,0,0,0,0,0,86,0,0,0,0,0,0,0,259,260,295,296,171,172,171,171,171,171,171,171,171,171,172,227,257,258,0,0,0,0,0,102,0,0,0,0,0,116,117,118,0,0,0,0,0,0,0,0,0,0,0,0,0,0,0,0,0,0,0,0,0,0,0,0,0,0,0,0,0,0,0,0,
0,0,0,0,0,0,0,0,0,0,0,0,0,0,0,0,0,0,0,148,149,150,0,0,0,0,0,0,102,0,0,0,0,0,263,264,275,276,311,312,0,0,0,0,0,0,0,0,147,0,0,0,273,274,261,262,0,0,0,0,0,68,69,0,0,132,133,134,0,0,0,0,0,0,0,0,0,0,0,0,0,0,0,0,0,0,0,0,0,0,0,0,0,0,0,0,0,0,0,0,
0,0,0,0,0,0,0,0,0,0,0,0,0,0,0,0,0,0,0,0,0,0,0,0,0,0,0,0,0,0,0,0,0,0,279,280,291,292,0,0,0,0,0,0,0,0,0,0,0,0,0,0,289,290,277,278,0,0,0,0,0,84,85,0,0,148,149,150,0,0,0,0,0,0,0,0,0,0,0,0,0,0,0,0,0,0,0,0,0,0,0,0,0,0,0,0,0,0,0,0,
0,0,0,0,0,0,0,0,0,0,0,0,0,0,0,0,0,0,0,0,0,0,0,0,0,0,0,0,0,0,0,0,259,260,295,296,307,308,0,0,113,114,0,68,69,0,0,0,0,0,0,0,305,306,293,294,257,258,0,0,0,100,101,0,0,0,0,0,0,0,0,0,0,0,0,0,0,0,0,0,0,0,0,0,0,0,0,0,0,0,0,0,0,0,0,0,0,0,0,0,
0,0,0,0,0,0,0,0,0,0,0,0,0,0,0,0,0,0,0,0,0,0,0,0,0,0,0,0,0,0,0,0,275,276,311,312,0,0,0,0,129,130,0,84,85,0,0,0,0,0,0,0,0,0,309,310,273,274,0,0,0,0,0,0,0,0,0,0,0,0,0,0,0,0,0,0,0,0,0,0,0,0,0,0,0,0,0,0,0,0,0,0,0,0,0,0,0,0,0,0,
0,0,0,0,0,0,0,0,0,0,0,0,0,0,0,0,0,0,0,0,0,0,0,0,0,0,0,0,0,0,209,210,291,292,0,0,0,0,0,0,145,146,0,100,101,0,0,0,0,0,0,0,0,0,0,0,289,290,257,258,0,0,131,0,0,0,0,0,0,0,0,0,0,0,0,0,0,0,0,0,0,0,0,0,0,0,0,0,0,0,0,0,0,0,0,0,0,0,0,0,
0,0,0,0,0,0,0,0,0,0,0,0,0,0,0,0,0,0,0,0,0,0,0,0,68,69,0,0,0,0,225,226,307,308,0,0,0,0,0,0,0,0,0,0,0,0,0,0,0,0,116,117,118,0,0,0,305,306,273,274,261,262,0,0,0,0,0,0,0,0,0,0,0,0,0,0,0,0,0,0,0,0,0,0,0,0,0,0,0,0,0,0,0,0,0,0,0,0,0,0,
0,0,0,0,0,0,0,0,0,0,0,0,0,0,0,0,0,0,0,0,0,0,0,0,84,85,0,0,0,0,109,110,147,0,0,0,0,0,0,0,0,0,0,0,0,0,0,0,0,0,132,133,134,0,0,0,0,0,289,290,277,278,195,196,0,0,0,0,0,0,0,0,0,0,0,0,0,0,0,0,0,0,0,0,0,0,0,0,0,0,0,0,0,0,0,0,0,0,0,0,
0,0,0,0,0,0,0,0,0,0,0,0,0,0,0,0,0,0,0,0,0,0,0,0,100,101,0,0,0,0,125,126,0,0,0,0,0,0,0,0,0,0,0,0,0,0,0,0,0,0,180,181,182,0,0,0,0,0,305,306,293,294,211,212,0,86,0,0,0,0,0,0,0,0,0,0,0,0,0,0,0,0,0,0,0,0,0,0,0,0,0,0,0,0,0,0,0,0,0,0,
0,0,0,0,0,0,0,0,0,0,0,0,0,0,0,0,0,0,0,0,0,0,0,0,0,0,0,0,131,0,109,110,0,0,0,0,0,0,0,0,0,0,0,0,0,0,0,0,0,0,0,0,0,0,0,0,0,0,0,0,309,310,227,228,0,102,0,0,0,0,0,0,0,0,0,0,0,0,0,0,0,0,0,0,0,0,0,0,0,0,0,0,0,0,0,0,0,0,0,0,
0,0,0,0,0,0,0,0,0,0,0,0,0,0,0,0,0,0,0,0,0,0,0,0,0,0,0,0,0,0,125,126,0,0,0,0,0,0,0,0,0,0,0,0,0,0,0,0,0,0,0,0,0,0,0,0,0,0,0,0,0,0,105,106,0,0,0,0,0,0,0,0,0,0,0,0,0,0,0,0,0,0,0,0,0,0,0,0,0,0,0,0,0,0,0,0,0,0,0,0,
0,0,0,0,0,0,0,0,0,0,0,0,0,0,0,0,0,0,0,0,0,0,0,0,0,86,0,0,0,0,109,110,0,0,0,0,0,0,0,0,0,0,0,0,0,0,0,0,0,0,0,0,0,0,0,0,0,0,0,0,0,0,121,122,0,0,0,0,0,0,0,0,0,0,0,0,0,0,0,0,0,0,0,0,0,0,0,0,0,0,0,0,0,0,0,0,0,0,0,0,
0,0,0,0,0,0,0,0,0,0,0,0,0,0,0,0,0,0,0,0,0,0,0,0,0,102,0,0,0,0,125,126,0,0,0,0,0,0,0,0,0,0,0,0,0,0,0,0,0,0,0,0,0,0,0,0,0,0,0,0,0,0,105,106,0,0,0,0,0,0,0,0,0,0,0,0,0,0,0,0,0,0,0,0,0,0,0,0,0,0,0,0,0,0,0,0,0,0,0,0,
0,0,0,0,0,0,0,0,0,0,0,0,0,0,0,0,0,0,0,0,0,0,0,0,0,0,0,0,0,0,109,110,0,0,0,0,0,0,0,0,0,0,0,0,0,0,0,0,0,0,0,0,0,0,0,0,0,0,113,114,0,0,121,122,0,0,0,116,117,118,0,0,0,0,0,0,0,0,0,0,0,0,0,0,0,0,0,0,0,0,0,0,0,0,0,0,0,0,0,0,
0,0,0,0,0,0,0,0,0,0,0,0,0,0,0,0,0,0,0,0,0,0,0,0,0,0,0,0,0,0,109,110,0,0,0,0,0,0,0,0,0,0,0,0,0,0,0,0,0,0,0,0,0,0,0,0,0,0,129,130,0,0,105,106,0,0,0,132,133,134,0,0,0,0,0,0,0,0,0,0,0,0,0,0,0,0,0,0,0,0,0,0,0,0,0,0,0,0,0,0,
0,0,0,0,0,0,0,0,0,0,0,0,0,0,0,0,0,0,0,0,0,0,0,0,0,68,69,0,0,0,125,126,0,0,0,0,0,0,0,0,0,0,0,0,0,0,0,0,0,0,0,0,0,0,0,0,0,0,145,146,0,0,121,122,0,0,0,148,149,150,0,0,0,0,0,0,0,0,0,0,0,0,0,0,0,0,0,0,0,0,0,0,0,0,0,0,0,0,0,0,
0,0,0,0,0,0,0,0,0,0,0,0,0,0,0,0,0,0,0,0,0,0,0,0,0,84,85,0,0,0,109,110,0,0,0,116,117,118,0,0,0,0,0,0,163,0,0,0,0,0,0,0,0,0,0,0,0,0,0,0,0,0,105,106,0,0,0,0,0,0,0,0,0,0,0,0,0,0,0,0,0,0,0,0,0,0,0,0,0,0,0,0,0,0,0,0,0,0,0,0,
0,0,0,0,0,0,0,0,0,0,0,0,0,0,0,0,0,0,0,0,0,0,0,0,0,100,101,0,0,0,125,126,0,0,0,132,133,134,0,0,0,119,88,0,0,0,0,0,0,0,131,0,0,0,0,0,0,0,0,0,0,147,121,122,0,131,0,0,0,0,0,0,0,0,0,0,0,0,0,0,0,0,0,0,0,0,0,0,0,0,0,0,0,0,0,0,0,0,0,0,
0,0,0,0,0,0,0,0,0,0,0,0,0,0,0,0,0,0,0,0,0,0,0,0,0,0,0,0,0,0,109,110,0,0,0,148,149,150,0,0,0,0,104,0,0,0,197,198,75,76,75,76,75,76,75,76,75,76,75,76,75,76,90,91,0,0,0,0,0,0,0,0,0,0,0,0,0,0,0,0,0,0,0,0,0,0,0,0,0,0,0,0,0,0,0,0,0,0,0,0,
0,0,0,0,0,0,0,0,0,0,0,0,0,0,0,0,0,0,0,0,0,0,0,0,131,0,0,0,86,0,125,126,0,0,0,0,0,0,0,0,0,0,0,0,197,198,213,214,91,92,91,92,91,92,91,92,91,92,91,92,91,92,106,106,0,0,0,0,0,0,0,0,0,0,0,0,0,0,0,0,0,0,0,0,0,0,0,0,0,0,0,0,0,0,0,0,0,0,0,0,
0,0,0,0,0,0,0,0,0,0,0,0,0,0,0,0,0,0,0,0,0,0,0,0,116,117,118,0,102,0,79,80,75,76,75,76,75,76,75,76,75,76,75,76,213,214,229,230,0,0,0,0,0,0,0,0,0,0,0,86,0,0,0,0,0,0,0,0,0,0,0,0,0,0,0,0,0,0,0,0,0,0,0,0,0,0,0,0,0,0,0,0,0,0,0,0,0,0,0,0,
0,0,0,0,0,0,0,0,0,0,0,0,0,0,0,0,0,0,0,0,0,0,0,0,132,133,134,0,0,0,95,96,91,92,91,92,91,92,91,92,91,92,91,92,229,230,0,0,0,0,0,0,0,0,0,131,0,0,0,102,0,0,0,68,69,0,0,0,0,0,0,0,0,0,0,0,0,0,0,0,0,0,0,0,0,0,0,0,0,0,0,0,0,0,0,0,0,0,0,0,
0,0,0,0,0,0,0,0,0,0,0,0,0,0,0,0,0,0,0,0,0,0,0,0,148,149,150,0,0,0,0,0,0,0,0,0,0,0,0,0,0,0,0,0,0,0,86,0,0,116,117,118,0,0,0,0,0,0,0,0,0,0,0,84,85,0,0,0,0,0,0,0,0,0,0,0,0,0,0,0,0,0,0,0,0,0,0,0,0,0,0,0,0,0,0,0,0,0,0,0,
0,0,0,0,0,0,0,0,0,0,0,0,0,0,0,0,0,0,0,0,0,0,0,0,0,0,0,0,0,0,0,116,117,118,0,131,0,0,0,0,0,0,0,0,0,0,102,0,0,132,133,134,0,0,0,0,0,0,0,0,0,0,0,100,101,0,0,0,0,0,0,0,0,0,0,0,0,0,0,0,0,0,0,0,0,0,0,0,0,0,0,0,0,0,0,0,0,0,0,0,
0,0,0,0,0,0,0,0,0,0,0,0,0,0,0,0,0,0,0,0,0,0,0,0,0,0,0,0,0,0,0,132,133,134,0,0,0,0,0,0,0,0,0,0,0,0,0,0,0,148,149,150,0,0,0,0,0,0,0,0,0,0,0,0,0,0,0,0,0,0,0,0,0,0,0,0,0,0,0,0,0,0,0,0,0,0,0,0,0,0,0,0,0,0,0,0,0,0,0,0,
0,0,0,0,0,0,0,0,0,0,0,0,0,0,0,0,0,0,0,0,0,0,0,0,0,0,0,0,0,0,0,148,149,150,0,0,0,0,0,0,0,0,0,0,0,0,0,0,0,0,0,0,0,0,0,0,0,0,0,0,0,0,0,0,0,0,0,0,0,0,0,0,0,0,0,0,0,0,0,0,0,0,0,0,0,0,0,0,0,0,0,0,0,0,0,0,0,0,0,0,
0,0,0,0,0,0,0,0,0,0,0,0,0,0,0,0,0,0,0,0,0,0,0,0,0,0,0,0,0,0,0,0,0,0,0,0,0,0,0,0,0,0,0,0,0,0,0,0,0,0,0,0,0,0,0,0,0,0,0,0,0,0,0,0,0,0,0,0,0,0,0,0,0,0,0,0,0,0,0,0,0,0,0,0,0,0,0,0,0,0,0,0,0,0,0,0,0,0,0,0,
0,0,0,0,0,0,0,0,0,0,0,0,0,0,0,0,0,0,0,0,0,0,0,0,0,0,0,0,0,0,0,0,0,0,0,0,0,0,0,0,0,0,0,0,0,0,0,0,0,0,0,0,0,0,0,0,0,0,0,0,0,0,0,0,0,0,0,0,0,0,0,0,0,0,0,0,0,0,0,0,0,0,0,0,0,0,0,0,0,0,0,0,0,0,0,0,0,0,0,0,
0,0,0,0,0,0,0,0,0,0,0,0,0,0,0,0,0,0,0,0,0,0,0,0,0,0,0,0,0,0,0,0,0,0,0,0,0,0,0,0,0,0,0,0,0,0,0,0,0,0,0,0,0,0,0,0,0,0,0,0,0,0,0,0,0,0,0,0,0,0,0,0,0,0,0,0,0,0,0,0,0,0,0,0,0,0,0,0,0,0,0,0,0,0,0,0,0,0,0,0,
0,0,0,0,0,0,0,0,0,0,0,0,0,0,0,0,0,0,0,0,0,0,0,0,0,0,0,0,0,0,0,0,0,0,0,0,0,0,0,0,0,0,0,0,0,0,0,0,0,0,0,0,0,0,0,0,0,0,0,0,0,0,0,0,0,0,0,0,0,0,0,0,0,0,0,0,0,0,0,0,0,0,0,0,0,0,0,0,0,0,0,0,0,0,0,0,0,0,0,0,
0,0,0,0,0,0,0,0,0,0,0,0,0,0,0,0,0,0,0,0,0,0,0,0,0,0,0,0,0,0,0,0,0,0,0,0,0,0,0,0,0,0,0,0,0,0,0,0,0,0,0,0,0,0,0,0,0,0,0,0,0,0,0,0,0,0,0,0,0,0,0,0,0,0,0,0,0,0,0,0,0,0,0,0,0,0,0,0,0,0,0,0,0,0,0,0,0,0,0,0,
0,0,0,0,0,0,0,0,0,0,0,0,0,0,0,0,0,0,0,0,0,0,0,0,0,0,0,0,0,0,0,0,0,0,0,0,0,0,0,0,0,0,0,0,0,0,0,0,0,0,0,0,0,0,0,0,0,0,0,0,0,0,0,0,0,0,0,0,0,0,0,0,0,0,0,0,0,0,0,0,0,0,0,0,0,0,0,0,0,0,0,0,0,0,0,0,0,0,0,0,
0,0,0,0,0,0,0,0,0,0,0,0,0,0,0,0,0,0,0,0,0,0,0,0,0,0,0,0,0,0,0,0,0,0,0,0,0,0,0,0,0,0,0,0,0,0,0,0,0,0,0,0,0,0,0,0,0,0,0,0,0,0,0,0,0,0,0,0,0,0,0,0,0,0,0,0,0,0,0,0,0,0,0,0,0,0,0,0,0,0,0,0,0,0,0,0,0,0,0,0,
0,0,0,0,0,0,0,0,0,0,0,0,0,0,0,0,0,0,0,0,0,0,0,0,0,0,0,0,0,0,0,0,0,0,0,0,0,0,0,0,0,0,0,0,0,0,0,0,0,0,0,0,0,0,0,0,0,0,0,0,0,0,0,0,0,0,0,0,0,0,0,0,0,0,0,0,0,0,0,0,0,0,0,0,0,0,0,0,0,0,0,0,0,0,0,0,0,0,0,0,
0,0,0,0,0,0,0,0,0,0,0,0,0,0,0,0,0,0,0,0,0,0,0,0,0,0,0,0,0,0,0,0,0,0,0,0,0,0,0,0,0,0,0,0,0,0,0,0,0,0,0,0,0,0,0,0,0,0,0,0,0,0,0,0,0,0,0,0,0,0,0,0,0,0,0,0,0,0,0,0,0,0,0,0,0,0,0,0,0,0,0,0,0,0,0,0,0,0,0,0,
0,0,0,0,0,0,0,0,0,0,0,0,0,0,0,0,0,0,0,0,0,0,0,0,0,0,0,0,0,0,0,0,0,0,0,0,0,0,0,0,0,0,0,0,0,0,0,0,0,0,0,0,0,0,0,0,0,0,0,0,0,0,0,0,0,0,0,0,0,0,0,0,0,0,0,0,0,0,0,0,0,0,0,0,0,0,0,0,0,0,0,0,0,0,0,0,0,0,0,0,
0,0,0,0,0,0,0,0,0,0,0,0,0,0,0,0,0,0,0,0,0,0,0,0,0,0,0,0,0,0,0,0,0,0,0,0,0,0,0,0,0,0,0,0,0,0,0,0,0,0,0,0,0,0,0,0,0,0,0,0,0,0,0,0,0,0,0,0,0,0,0,0,0,0,0,0,0,0,0,0,0,0,0,0,0,0,0,0,0,0,0,0,0,0,0,0,0,0,0,0,
0,0,0,0,0,0,0,0,0,0,0,0,0,0,0,0,0,0,0,0,0,0,0,0,0,0,0,0,0,0,0,0,0,0,0,0,0,0,0,0,0,0,0,0,0,0,0,0,0,0,0,0,0,0,0,0,0,0,0,0,0,0,0,0,0,0,0,0,0,0,0,0,0,0,0,0,0,0,0,0,0,0,0,0,0,0,0,0,0,0,0,0,0,0,0,0,0,0,0,0,
0,0,0,0,0,0,0,0,0,0,0,0,0,0,0,0,0,0,0,0,0,0,0,0,0,0,0,0,0,0,0,0,0,0,0,0,0,0,0,0,0,0,0,0,0,0,0,0,0,0,0,0,0,0,0,0,0,0,0,0,0,0,0,0,0,0,0,0,0,0,0,0,0,0,0,0,0,0,0,0,0,0,0,0,0,0,0,0,0,0,0,0,0,0,0,0,0,0,0,0,
0,0,0,0,0,0,0,0,0,0,0,0,0,0,0,0,0,0,0,0,0,0,0,0,0,0,0,0,0,0,0,0,0,0,0,0,0,0,0,0,0,0,0,0,0,0,0,0,0,0,0,0,0,0,0,0,0,0,0,0,0,0,0,0,0,0,0,0,0,0,0,0,0,0,0,0,0,0,0,0,0,0,0,0,0,0,0,0,0,0,0,0,0,0,0,0,0,0,0,0,
0,0,0,0,0,0,0,0,0,0,0,0,0,0,0,0,0,0,0,0,0,0,0,0,0,0,0,0,0,0,0,0,0,0,0,0,0,0,0,0,0,0,0,0,0,0,0,0,0,0,0,0,0,0,0,0,0,0,0,0,0,0,0,0,0,0,0,0,0,0,0,0,0,0,0,0,0,0,0,0,0,0,0,0,0,0,0,0,0,0,0,0,0,0,0,0,0,0,0,0,
0,0,0,0,0,0,0,0,0,0,0,0,0,0,0,0,0,0,0,0,0,0,0,0,0,0,0,0,0,0,0,0,0,0,0,0,0,0,0,0,0,0,0,0,0,0,0,0,0,0,0,0,0,0,0,0,0,0,0,0,0,0,0,0,0,0,0,0,0,0,0,0,0,0,0,0,0,0,0,0,0,0,0,0,0,0,0,0,0,0,0,0,0,0,0,0,0,0,0,0,
0,0,0,0,0,0,0,0,0,0,0,0,0,0,0,0,0,0,0,0,0,0,0,0,0,0,0,0,0,0,0,0,0,0,0,0,0,0,0,0,0,0,0,0,0,0,0,0,0,0,0,0,0,0,0,0,0,0,0,0,0,0,0,0,0,0,0,0,0,0,0,0,0,0,0,0,0,0,0,0,0,0,0,0,0,0,0,0,0,0,0,0,0,0,0,0,0,0,0,0,
0,0,0,0,0,0,0,0,0,0,0,0,0,0,0,0,0,0,0,0,0,0,0,0,0,0,0,0,0,0,0,0,0,0,0,0,0,0,0,0,0,0,0,0,0,0,0,0,0,0,0,0,0,0,0,0,0,0,0,0,0,0,0,0,0,0,0,0,0,0,0,0,0,0,0,0,0,0,0,0,0,0,0,0,0,0,0,0,0,0,0,0,0,0,0,0,0,0,0,0,
0,0,0,0,0,0,0,0,0,0,0,0,0,0,0,0,0,0,0,0,0,0,0,0,0,0,0,0,0,0,0,0,0,0,0,0,0,0,0,0,0,0,0,0,0,0,0,0,0,0,0,0,0,0,0,0,0,0,0,0,0,0,0,0,0,0,0,0,0,0,0,0,0,0,0,0,0,0,0,0,0,0,0,0,0,0,0,0,0,0,0,0,0,0,0,0,0,0,0,0,
0,0,0,0,0,0,0,0,0,0,0,0,0,0,0,0,0,0,0,0,0,0,0,0,0,0,0,0,0,0,0,0,0,0,0,0,0,0,0,0,0,0,0,0,0,0,0,0,0,0,0,0,0,0,0,0,0,0,0,0,0,0,0,0,0,0,0,0,0,0,0,0,0,0,0,0,0,0,0,0,0,0,0,0,0,0,0,0,0,0,0,0,0,0,0,0,0,0,0,0,
0,0,0,0,0,0,0,0,0,0,0,0,0,0,0,0,0,0,0,0,0,0,0,0,0,0,0,0,0,0,0,0,0,0,0,0,0,0,0,0,0,0,0,0,0,0,0,0,0,0,0,0,0,0,0,0,0,0,0,0,0,0,0,0,0,0,0,0,0,0,0,0,0,0,0,0,0,0,0,0,0,0,0,0,0,0,0,0,0,0,0,0,0,0,0,0,0,0,0,0,
0,0,0,0,0,0,0,0,0,0,0,0,0,0,0,0,0,0,0,0,0,0,0,0,0,0,0,0,0,0,0,0,0,0,0,0,0,0,0,0,0,0,0,0,0,0,0,0,0,0,0,0,0,0,0,0,0,0,0,0,0,0,0,0,0,0,0,0,0,0,0,0,0,0,0,0,0,0,0,0,0,0,0,0,0,0,0,0,0,0,0,0,0,0,0,0,0,0,0,0,
0,0,0,0,0,0,0,0,0,0,0,0,0,0,0,0,0,0,0,0,0,0,0,0,0,0,0,0,0,0,0,0,0,0,0,0,0,0,0,0,0,0,0,0,0,0,0,0,0,0,0,0,0,0,0,0,0,0,0,0,0,0,0,0,0,0,0,0,0,0,0,0,0,0,0,0,0,0,0,0,0,0,0,0,0,0,0,0,0,0,0,0,0,0,0,0,0,0,0,0,
0,0,0,0,0,0,0,0,0,0,0,0,0,0,0,0,0,0,0,0,0,0,0,0,0,0,0,0,0,0,0,0,0,0,0,0,0,0,0,0,0,0,0,0,0,0,0,0,0,0,0,0,0,0,0,0,0,0,0,0,0,0,0,0,0,0,0,0,0,0,0,0,0,0,0,0,0,0,0,0,0,0,0,0,0,0,0,0,0,0,0,0,0,0,0,0,0,0,0,0,
0,0,0,0,0,0,0,0,0,0,0,0,0,0,0,0,0,0,0,0,0,0,0,0,0,0,0,0,0,0,0,0,0,0,0,0,0,0,0,0,0,0,0,0,0,0,0,0,0,0,0,0,0,0,0,0,0,0,0,0,0,0,0,0,0,0,0,0,0,0,0,0,0,0,0,0,0,0,0,0,0,0,0,0,0,0,0,0,0,0,0,0,0,0,0,0,0,0,0,0,
0,0,0,0,0,0,0,0,0,0,0,0,0,0,0,0,0,0,0,0,0,0,0,0,0,0,0,0,0,0,0,0,0,0,0,0,0,0,0,0,0,0,0,0,0,0,0,0,0,0,0,0,0,0,0,0,0,0,0,0,0,0,0,0,0,0,0,0,0,0,0,0,0,0,0,0,0,0,0,0,0,0,0,0,0,0,0,0,0,0,0,0,0,0,0,0,0,0,0,0,
0,0,0,0,0,0,0,0,0,0,0,0,0,0,0,0,0,0,0,0,0,0,0,0,0,0,0,0,0,0,0,0,0,0,0,0,0,0,0,0,0,0,0,0,0,0,0,0,0,0,0,0,0,0,0,0,0,0,0,0,0,0,0,0,0,0,0,0,0,0,0,0,0,0,0,0,0,0,0,0,0,0,0,0,0,0,0,0,0,0,0,0,0,0,0,0,0,0,0,0,
0,0,0,0,0,0,0,0,0,0,0,0,0,0,0,0,0,0,0,0,0,0,0,0,0,0,0,0,0,0,0,0,0,0,0,0,0,0,0,0,0,0,0,0,0,0,0,0,0,0,0,0,0,0,0,0,0,0,0,0,0,0,0,0,0,0,0,0,0,0,0,0,0,0,0,0,0,0,0,0,0,0,0,0,0,0,0,0,0,0,0,0,0,0,0,0,0,0,0,0,
0,0,0,0,0,0,0,0,0,0,0,0,0,0,0,0,0,0,0,0,0,0,0,0,0,0,0,0,0,0,0,0,0,0,0,0,0,0,0,0,0,0,0,0,0,0,0,0,0,0,0,0,0,0,0,0,0,0,0,0,0,0,0,0,0,0,0,0,0,0,0,0,0,0,0,0,0,0,0,0,0,0,0,0,0,0,0,0,0,0,0,0,0,0,0,0,0,0,0,0,
0,0,0,0,0,0,0,0,0,0,0,0,0,0,0,0,0,0,0,0,0,0,0,0,0,0,0,0,0,0,0,0,0,0,0,0,0,0,0,0,0,0,0,0,0,0,0,0,0,0,0,0,0,0,0,0,0,0,0,0,0,0,0,0,0,0,0,0,0,0,0,0,0,0,0,0,0,0,0,0,0,0,0,0,0,0,0,0,0,0,0,0,0,0,0,0,0,0,0,0,
0,0,0,0,0,0,0,0,0,0,0,0,0,0,0,0,0,0,0,0,0,0,0,0,0,0,0,0,0,0,0,0,0,0,0,0,0,0,0,0,0,0,0,0,0,0,0,0,0,0,0,0,0,0,0,0,0,0,0,0,0,0,0,0,0,0,0,0,0,0,0,0,0,0,0,0,0,0,0,0,0,0,0,0,0,0,0,0,0,0,0,0,0,0,0,0,0,0,0,0,
0,0,0,0,0,0,0,0,0,0,0,0,0,0,0,0,0,0,0,0,0,0,0,0,0,0,0,0,0,0,0,0,0,0,0,0,0,0,0,0,0,0,0,0,0,0,0,0,0,0,0,0,0,0,0,0,0,0,0,0,0,0,0,0,0,0,0,0,0,0,0,0,0,0,0,0,0,0,0,0,0,0,0,0,0,0,0,0,0,0,0,0,0,0,0,0,0,0,0,0,
0,0,0,0,0,0,0,0,0,0,0,0,0,0,0,0,0,0,0,0,0,0,0,0,0,0,0,0,0,0,0,0,0,0,0,0,0,0,0,0,0,0,0,0,0,0,0,0,0,0,0,0,0,0,0,0,0,0,0,0,0,0,0,0,0,0,0,0,0,0,0,0,0,0,0,0,0,0,0,0,0,0,0,0,0,0,0,0,0,0,0,0,0,0,0,0,0,0,0,0,
0,0,0,0,0,0,0,0,0,0,0,0,0,0,0,0,0,0,0,0,0,0,0,0,0,0,0,0,0,0,0,0,0,0,0,0,0,0,0,0,0,0,0,0,0,0,0,0,0,0,0,0,0,0,0,0,0,0,0,0,0,0,0,0,0,0,0,0,0,0,0,0,0,0,0,0,0,0,0,0,0,0,0,0,0,0,0,0,0,0,0,0,0,0,0,0,0,0,0,0,
0,0,0,0,0,0,0,0,0,0,0,0,0,0,0,0,0,0,0,0,0,0,0,0,0,0,0,0,0,0,0,0,0,0,0,0,0,0,0,0,0,0,0,0,0,0,0,0,0,0,0,0,0,0,0,0,0,0,0,0,0,0,0,0,0,0,0,0,0,0,0,0,0,0,0,0,0,0,0,0,0,0,0,0,0,0,0,0,0,0,0,0,0,0,0,0,0,0,0,0,
0,0,0,0,0,0,0,0,0,0,0,0,0,0,0,0,0,0,0,0,0,0,0,0,0,0,0,0,0,0,0,0,0,0,0,0,0,0,0,0,0,0,0,0,0,0,0,0,0,0,0,0,0,0,0,0,0,0,0,0,0,0,0,0,0,0,0,0,0,0,0,0,0,0,0,0,0,0,0,0,0,0,0,0,0,0,0,0,0,0,0,0,0,0,0,0,0,0,0,0,
0,0,0,0,0,0,0,0,0,0,0,0,0,0,0,0,0,0,0,0,0,0,0,0,0,0,0,0,0,0,0,0,0,0,0,0,0,0,0,0,0,0,0,0,0,0,0,0,0,0,0,0,0,0,0,0,0,0,0,0,0,0,0,0,0,0,0,0,0,0,0,0,0,0,0,0,0,0,0,0,0,0,0,0,0,0,0,0,0,0,0,0,0,0,0,0,0,0,0,0,
0,0,0,0,0,0,0,0,0,0,0,0,0,0,0,0,0,0,0,0,0,0,0,0,0,0,0,0,0,0,0,0,0,0,0,0,0,0,0,0,0,0,0,0,0,0,0,0,0,0,0,0,0,0,0,0,0,0,0,0,0,0,0,0,0,0,0,0,0,0,0,0,0,0,0,0,0,0,0,0,0,0,0,0,0,0,0,0,0,0,0,0,0,0,0,0,0,0,0,0,
0,0,0,0,0,0,0,0,0,0,0,0,0,0,0,0,0,0,0,0,0,0,0,0,0,0,0,0,0,0,0,0,0,0,0,0,0,0,0,0,0,0,0,0,0,0,0,0,0,0,0,0,0,0,0,0,0,0,0,0,0,0,0,0,0,0,0,0,0,0,0,0,0,0,0,0,0,0,0,0,0,0,0,0,0,0,0,0,0,0,0,0,0,0,0,0,0,0,0,0,
0,0,0,0,0,0,0,0,0,0,0,0,0,0,0,0,0,0,0,0,0,0,0,0,0,0,0,0,0,0,0,0,0,0,0,0,0,0,0,0,0,0,0,0,0,0,0,0,0,0,0,0,0,0,0,0,0,0,0,0,0,0,0,0,0,0,0,0,0,0,0,0,0,0,0,0,0,0,0,0,0,0,0,0,0,0,0,0,0,0,0,0,0,0,0,0,0,0,0,0,
0,0,0,0,0,0,0,0,0,0,0,0,0,0,0,0,0,0,0,0,0,0,0,0,0,0,0,0,0,0,0,0,0,0,0,0,0,0,0,0,0,0,0,0,0,0,0,0,0,0,0,0,0,0,0,0,0,0,0,0,0,0,0,0,0,0,0,0,0,0,0,0,0,0,0,0,0,0,0,0,0,0,0,0,0,0,0,0,0,0,0,0,0,0,0,0,0,0,0,0,
0,0,0,0,0,0,0,0,0,0,0,0,0,0,0,0,0,0,0,0,0,0,0,0,0,0,0,0,0,0,0,0,0,0,0,0,0,0,0,0,0,0,0,0,0,0,0,0,0,0,0,0,0,0,0,0,0,0,0,0,0,0,0,0,0,0,0,0,0,0,0,0,0,0,0,0,0,0,0,0,0,0,0,0,0,0,0,0,0,0,0,0,0,0,0,0,0,0,0,0,
0,0,0,0,0,0,0,0,0,0,0,0,0,0,0,0,0,0,0,0,0,0,0,0,0,0,0,0,0,0,0,0,0,0,0,0,0,0,0,0,0,0,0,0,0,0,0,0,0,0,0,0,0,0,0,0,0,0,0,0,0,0,0,0,0,0,0,0,0,0,0,0,0,0,0,0,0,0,0,0,0,0,0,0,0,0,0,0,0,0,0,0,0,0,0,0,0,0,0,0,
0,0,0,0,0,0,0,0,0,0,0,0,0,0,0,0,0,0,0,0,0,0,0,0,0,0,0,0,0,0,0,0,0,0,0,0,0,0,0,0,0,0,0,0,0,0,0,0,0,0,0,0,0,0,0,0,0,0,0,0,0,0,0,0,0,0,0,0,0,0,0,0,0,0,0,0,0,0,0,0,0,0,0,0,0,0,0,0,0,0,0,0,0,0,0,0,0,0,0,0,
0,0,0,0,0,0,0,0,0,0,0,0,0,0,0,0,0,0,0,0,0,0,0,0,0,0,0,0,0,0,0,0,0,0,0,0,0,0,0,0,0,0,0,0,0,0,0,0,0,0,0,0,0,0,0,0,0,0,0,0,0,0,0,0,0,0,0,0,0,0,0,0,0,0,0,0,0,0,0,0,0,0,0,0,0,0,0,0,0,0,0,0,0,0,0,0,0,0,0,0,
0,0,0,0,0,0,0,0,0,0,0,0,0,0,0,0,0,0,0,0,0,0,0,0,0,0,0,0,0,0,0,0,0,0,0,0,0,0,0,0,0,0,0,0,0,0,0,0,0,0,0,0,0,0,0,0,0,0,0,0,0,0,0,0,0,0,0,0,0,0,0,0,0,0,0,0,0,0,0,0,0,0,0,0,0,0,0,0,0,0,0,0,0,0,0,0,0,0,0,0,
0,0,0,0,0,0,0,0,0,0,0,0,0,0,0,0,0,0,0,0,0,0,0,0,0,0,0,0,0,0,0,0,0,0,0,0,0,0,0,0,0,0,0,0,0,0,0,0,0,0,0,0,0,0,0,0,0,0,0,0,0,0,0,0,0,0,0,0,0,0,0,0,0,0,0,0,0,0,0,0,0,0,0,0,0,0,0,0,0,0,0,0,0,0,0,0,0,0,0,0,
0,0,0,0,0,0,0,0,0,0,0,0,0,0,0,0,0,0,0,0,0,0,0,0,0,0,0,0,0,0,0,0,0,0,0,0,0,0,0,0,0,0,0,0,0,0,0,0,0,0,0,0,0,0,0,0,0,0,0,0,0,0,0,0,0,0,0,0,0,0,0,0,0,0,0,0,0,0,0,0,0,0,0,0,0,0,0,0,0,0,0,0,0,0,0,0,0,0,0,0,
0,0,0,0,0,0,0,0,0,0,0,0,0,0,0,0,0,0,0,0,0,0,0,0,0,0,0,0,0,0,0,0,0,0,0,0,0,0,0,0,0,0,0,0,0,0,0,0,0,0,0,0,0,0,0,0,0,0,0,0,0,0,0,0,0,0,0,0,0,0,0,0,0,0,0,0,0,0,0,0,0,0,0,0,0,0,0,0,0,0,0,0,0,0,0,0,0,0,0,0,
0,0,0,0,0,0,0,0,0,0,0,0,0,0,0,0,0,0,0,0,0,0,0,0,0,0,0,0,0,0,0,0,0,0,0,0,0,0,0,0,0,0,0,0,0,0,0,0,0,0,0,0,0,0,0,0,0,0,0,0,0,0,0,0,0,0,0,0,0,0,0,0,0,0,0,0,0,0,0,0,0,0,0,0,0,0,0,0,0,0,0,0,0,0,0,0,0,0,0,0,
0,0,0,0,0,0,0,0,0,0,0,0,0,0,0,0,0,0,0,0,0,0,0,0,0,0,0,0,0,0,0,0,0,0,0,0,0,0,0,0,0,0,0,0,0,0,0,0,0,0,0,0,0,0,0,0,0,0,0,0,0,0,0,0,0,0,0,0,0,0,0,0,0,0,0,0,0,0,0,0,0,0,0,0,0,0,0,0,0,0,0,0,0,0,0,0,0,0,0,0,
0,0,0,0,0,0,0,0,0,0,0,0,0,0,0,0,0,0,0,0,0,0,0,0,0,0,0,0,0,0,0,0,0,0,0,0,0,0,0,0,0,0,0,0,0,0,0,0,0,0,0,0,0,0,0,0,0,0,0,0,0,0,0,0,0,0,0,0,0,0,0,0,0,0,0,0,0,0,0,0,0,0,0,0,0,0,0,0,0,0,0,0,0,0,0,0,0,0,0,0,
0,0,0,0,0,0,0,0,0,0,0,0,0,0,0,0,0,0,0,0,0,0,0,0,0,0,0,0,0,0,0,0,0,0,0,0,0,0,0,0,0,0,0,0,0,0,0,0,0,0,0,0,0,0,0,0,0,0,0,0,0,0,0,0,0,0,0,0,0,0,0,0,0,0,0,0,0,0,0,0,0,0,0,0,0,0,0,0,0,0,0,0,0,0,0,0,0,0,0,0,
0,0,0,0,0,0,0,0,0,0,0,0,0,0,0,0,0,0,0,0,0,0,0,0,0,0,0,0,0,0,0,0,0,0,0,0,0,0,0,0,0,0,0,0,0,0,0,0,0,0,0,0,0,0,0,0,0,0,0,0,0,0,0,0,0,0,0,0,0,0,0,0,0,0,0,0,0,0,0,0,0,0,0,0,0,0,0,0,0,0,0,0,0,0,0,0,0,0,0,0,
0,0,0,0,0,0,0,0,0,0,0,0,0,0,0,0,0,0,0,0,0,0,0,0,0,0,0,0,0,0,0,0,0,0,0,0,0,0,0,0,0,0,0,0,0,0,0,0,0,0,0,0,0,0,0,0,0,0,0,0,0,0,0,0,0,0,0,0,0,0,0,0,0,0,0,0,0,0,0,0,0,0,0,0,0,0,0,0,0,0,0,0,0,0,0,0,0,0,0,0,
0,0,0,0,0,0,0,0,0,0,0,0,0,0,0,0,0,0,0,0,0,0,0,0,0,0,0,0,0,0,0,0,0,0,0,0,0,0,0,0,0,0,0,0,0,0,0,0,0,0,0,0,0,0,0,0,0,0,0,0,0,0,0,0,0,0,0,0,0,0,0,0,0,0,0,0,0,0,0,0,0,0,0,0,0,0,0,0,0,0,0,0,0,0,0,0,0,0,0,0,
0,0,0,0,0,0,0,0,0,0,0,0,0,0,0,0,0,0,0,0,0,0,0,0,0,0,0,0,0,0,0,0,0,0,0,0,0,0,0,0,0,0,0,0,0,0,0,0,0,0,0,0,0,0,0,0,0,0,0,0,0,0,0,0,0,0,0,0,0,0,0,0,0,0,0,0,0,0,0,0,0,0,0,0,0,0,0,0,0,0,0,0,0,0,0,0,0,0,0,0,
0,0,0,0,0,0,0,0,0,0,0,0,0,0,0,0,0,0,0,0,0,0,0,0,0,0,0,0,0,0,0,0,0,0,0,0,0,0,0,0,0,0,0,0,0,0,0,0,0,0,0,0,0,0,0,0,0,0,0,0,0,0,0,0,0,0,0,0,0,0,0,0,0,0,0,0,0,0,0,0,0,0,0,0,0,0,0,0,0,0,0,0,0,0,0,0,0,0,0,0,
0,0,0,0,0,0,0,0,0,0,0,0,0,0,0,0,0,0,0,0,0,0,0,0,0,0,0,0,0,0,0,0,0,0,0,0,0,0,0,0,0,0,0,0,0,0,0,0,0,0,0,0,0,0,0,0,0,0,0,0,0,0,0,0,0,0,0,0,0,0,0,0,0,0,0,0,0,0,0,0,0,0,0,0,0,0,0,0,0,0,0,0,0,0,0,0,0,0,0,0,
0,0,0,0,0,0,0,0,0,0,0,0,0,0,0,0,0,0,0,0,0,0,0,0,0,0,0,0,0,0,0,0,0,0,0,0,0,0,0,0,0,0,0,0,0,0,0,0,0,0,0,0,0,0,0,0,0,0,0,0,0,0,0,0,0,0,0,0,0,0,0,0,0,0,0,0,0,0,0,0,0,0,0,0,0,0,0,0,0,0,0,0,0,0,0,0,0,0,0,0,
0,0,0,0,0,0,0,0,0,0,0,0,0,0,0,0,0,0,0,0,0,0,0,0,0,0,0,0,0,0,0,0,0,0,0,0,0,0,0,0,0,0,0,0,0,0,0,0,0,0,0,0,0,0,0,0,0,0,0,0,0,0,0,0,0,0,0,0,0,0,0,0,0,0,0,0,0,0,0,0,0,0,0,0,0,0,0,0,0,0,0,0,0,0,0,0,0,0,0,0,
0,0,0,0,0,0,0,0,0,0,0,0,0,0,0,0,0,0,0,0,0,0,0,0,0,0,0,0,0,0,0,0,0,0,0,0,0,0,0,0,0,0,0,0,0,0,0,0,0,0,0,0,0,0,0,0,0,0,0,0,0,0,0,0,0,0,0,0,0,0,0,0,0,0,0,0,0,0,0,0,0,0,0,0,0,0,0,0,0,0,0,0,0,0,0,0,0,0,0,0

[layer]
type=object
data=
0,0,0,0,0,0,0,0,0,0,0,0,0,0,0,0,0,0,0,0,0,0,0,0,0,0,0,0,0,0,0,0,0,0,0,0,0,0,0,0,0,0,0,0,0,0,0,0,0,0,0,0,0,0,0,0,0,0,0,0,0,0,0,0,0,0,0,0,0,0,0,0,0,0,0,0,0,0,0,0,0,0,0,0,0,0,0,0,0,0,0,0,0,0,0,0,0,0,0,0,
0,0,0,0,0,0,0,0,0,0,0,0,0,0,0,0,0,0,0,0,0,0,0,0,0,0,0,0,0,0,0,0,0,0,0,0,0,0,0,0,0,0,0,0,0,0,0,0,0,0,0,0,0,0,0,0,0,0,0,0,0,0,0,0,0,0,0,0,0,0,0,0,0,0,0,0,0,0,0,0,0,0,0,0,0,0,0,0,0,0,0,0,0,0,0,0,0,0,0,0,
0,0,0,0,0,0,0,0,0,0,0,0,0,0,0,0,0,0,0,0,0,0,0,0,0,0,0,0,0,0,0,0,0,0,0,0,0,0,0,0,0,0,0,0,0,0,0,0,0,0,0,0,0,0,0,0,0,0,0,0,0,0,0,0,0,0,0,0,0,0,0,0,0,0,0,0,0,0,0,0,0,0,0,0,0,0,0,0,0,0,0,0,0,0,0,0,0,0,0,0,
0,0,0,0,0,0,0,0,0,0,0,0,0,0,0,0,0,0,0,0,0,0,0,0,0,0,0,0,0,0,0,0,0,0,0,0,0,0,0,0,0,0,0,0,0,0,0,0,0,0,0,0,0,0,0,0,0,0,0,0,0,0,0,0,0,0,0,0,0,0,0,0,0,0,0,0,0,0,0,0,0,0,0,0,0,0,0,0,0,0,0,0,0,0,0,0,0,0,0,0,
0,0,0,0,0,0,0,0,0,0,0,0,0,0,0,0,0,0,0,0,0,0,0,0,0,0,0,0,0,0,0,0,0,0,0,0,0,0,0,0,0,0,0,0,0,0,0,0,0,0,0,0,0,0,0,0,0,0,0,0,0,0,0,0,0,0,0,0,0,0,0,0,0,0,0,0,0,0,0,0,0,0,0,0,0,0,0,0,0,0,0,0,0,0,0,0,0,0,0,0,
0,0,0,0,0,0,0,0,0,0,0,0,0,0,0,0,0,0,0,0,0,0,0,0,0,0,0,0,0,0,0,0,0,0,0,0,0,0,0,0,0,0,0,0,0,0,0,0,0,0,0,0,0,0,0,0,0,0,0,0,0,0,0,0,0,0,0,0,0,0,0,0,0,0,0,0,0,0,0,0,0,0,0,0,0,0,0,0,0,0,0,0,0,0,0,0,0,0,0,0,
0,0,0,0,0,0,0,0,0,0,0,0,0,0,0,0,0,0,0,0,0,0,0,0,0,0,0,0,0,0,0,0,0,0,0,0,0,0,0,0,0,0,0,0,0,0,0,0,0,0,0,0,0,0,0,0,0,0,0,0,0,0,0,0,0,0,0,0,0,0,0,0,0,0,0,0,0,0,0,0,0,0,0,0,0,0,0,0,0,0,0,0,0,0,0,0,0,0,0,0,
0,0,0,0,0,0,0,0,0,0,0,0,0,0,0,0,0,0,0,0,0,0,0,0,0,0,0,0,0,0,0,0,0,0,0,0,0,0,0,0,0,0,0,0,0,0,0,0,0,0,0,0,0,0,0,0,0,0,0,0,0,0,0,0,0,0,0,0,0,0,0,0,0,0,0,0,0,0,0,0,0,0,0,0,0,0,0,0,0,0,0,0,0,0,0,0,0,0,0,0,
0,0,0,0,0,0,0,0,0,0,0,0,0,0,0,0,0,0,0,0,0,0,0,0,0,0,0,0,0,0,0,0,0,0,0,0,0,0,0,0,0,0,0,0,0,0,0,0,0,0,0,0,0,0,0,0,0,0,0,0,0,0,0,0,0,0,0,0,0,0,0,0,0,0,0,0,0,0,0,0,0,0,0,0,0,0,0,0,0,0,0,0,0,0,0,0,0,0,0,0,
0,0,0,0,0,0,0,0,0,0,0,0,0,0,0,0,0,0,0,0,0,0,0,0,0,0,0,0,0,0,0,0,0,0,0,0,0,0,0,0,0,0,0,0,0,0,0,0,0,0,0,0,0,0,0,0,0,0,0,0,0,0,0,0,0,0,0,0,0,0,0,0,0,0,0,0,0,0,0,0,0,0,0,0,0,0,0,0,0,0,0,0,0,0,0,0,0,0,0,0,
0,0,0,0,0,0,0,0,0,0,0,0,0,0,0,0,0,0,0,0,0,0,0,0,0,0,0,0,0,0,0,0,0,0,0,0,0,0,0,0,0,0,0,0,0,0,0,0,0,0,0,0,0,0,0,0,0,0,0,0,0,0,0,0,0,0,0,0,0,0,0,0,0,0,0,0,0,0,0,0,0,0,0,0,0,0,0,0,0,0,0,0,0,0,0,0,0,0,0,0,
0,0,0,0,0,0,0,0,0,0,0,0,0,0,0,0,0,0,0,0,0,0,0,0,0,0,0,0,0,0,0,0,0,0,0,0,0,0,0,0,0,0,0,0,0,0,0,0,0,0,0,0,0,0,0,0,0,0,0,0,0,0,0,0,0,0,0,0,0,0,0,0,0,0,0,0,0,0,0,0,0,0,0,0,0,0,0,0,0,0,0,0,0,0,0,0,0,0,0,0,
0,0,0,0,0,0,0,0,0,0,0,0,0,0,0,0,0,0,0,0,0,0,0,0,0,0,0,0,0,0,0,0,0,0,0,0,0,0,0,0,0,0,0,0,0,0,0,0,0,0,0,0,0,0,0,0,0,0,0,0,0,0,0,0,0,0,0,0,0,0,0,0,0,0,0,0,0,0,0,0,0,0,0,0,0,0,0,0,0,0,0,0,0,0,0,0,0,0,0,0,
0,0,0,0,0,0,0,0,0,0,0,0,0,0,0,0,0,0,0,0,0,0,0,0,0,0,0,0,0,0,0,0,0,0,0,0,0,0,0,0,0,0,0,0,0,0,0,0,0,0,0,0,0,0,0,0,0,0,0,0,0,0,0,0,0,0,0,0,0,0,0,0,0,0,0,0,0,0,0,0,0,0,0,0,0,0,0,0,0,0,0,0,0,0,0,0,0,0,0,0,
0,0,0,0,0,0,0,0,0,0,0,0,0,0,0,0,0,0,0,0,0,0,0,0,0,0,0,0,0,0,0,0,0,0,0,0,0,0,0,0,0,0,0,0,0,0,0,0,0,0,0,0,0,0,0,0,0,0,0,0,0,0,0,0,0,0,0,0,0,0,0,0,0,0,0,0,0,0,0,0,0,0,0,0,0,0,0,0,0,0,0,0,0,0,0,0,0,0,0,0,
0,0,0,0,0,0,0,0,0,0,0,0,0,0,0,0,0,0,0,0,0,0,0,0,0,0,0,0,0,0,0,0,0,0,0,0,0,0,0,0,0,0,0,0,0,0,0,0,0,0,0,0,0,0,0,0,0,0,0,0,0,0,0,0,0,0,0,0,0,0,0,0,0,0,0,0,0,0,0,0,0,0,0,0,0,0,0,0,0,0,0,0,0,0,0,0,0,0,0,0,
0,0,0,0,0,0,0,0,0,0,0,0,0,0,0,0,0,0,0,0,0,0,0,0,0,0,0,0,0,0,0,0,0,0,0,0,0,0,0,0,0,0,0,0,0,0,0,0,0,0,0,0,0,0,0,0,0,0,0,0,0,0,0,0,0,0,0,0,0,0,0,0,0,0,0,0,0,0,0,0,0,0,0,0,0,0,0,0,0,0,0,0,0,0,0,0,0,0,0,0,
0,0,0,0,0,0,0,0,0,0,0,0,0,0,0,0,0,0,0,0,0,0,0,0,0,0,0,0,0,0,0,0,0,0,0,0,0,0,0,0,0,0,0,0,0,0,0,0,0,0,0,0,0,0,0,0,0,0,0,0,0,0,0,0,0,0,0,0,0,0,0,0,0,0,0,0,0,0,0,0,0,0,0,0,0,0,0,0,0,0,0,0,0,0,0,0,0,0,0,0,
0,0,0,0,0,0,0,0,0,0,0,0,0,0,0,0,0,0,0,0,0,0,0,0,0,0,0,0,0,0,0,0,0,0,0,0,0,0,0,0,0,0,0,0,0,0,322,0,0,0,0,0,0,0,0,0,0,0,0,0,0,0,0,0,0,0,0,0,0,0,0,0,0,0,0,0,0,0,0,0,0,0,0,0,0,0,0,0,0,0,0,0,0,0,0,0,0,0,0,0,
0,0,0,0,0,0,0,0,0,0,0,0,0,0,0,0,0,0,0,0,0,0,0,0,0,0,0,0,0,0,0,0,0,0,0,0,0,0,0,0,0,0,0,0,0,0,0,0,0,0,0,0,0,0,0,0,0,0,0,0,0,0,0,0,0,0,0,0,0,0,0,0,0,0,0,0,0,0,0,0,0,0,0,0,0,0,0,0,0,0,0,0,0,0,0,0,0,0,0,0,
0,0,0,0,0,0,0,0,0,0,0,0,0,0,0,0,0,0,0,0,0,0,0,0,0,0,0,0,0,0,0,0,0,0,0,0,0,0,0,0,0,0,0,0,0,0,0,0,0,0,0,0,0,0,0,0,0,0,0,0,0,0,0,0,0,0,0,0,0,0,0,0,0,0,0,0,0,0,0,0,0,0,0,0,0,0,0,0,0,0,0,0,0,0,0,0,0,0,0,0,
0,0,0,0,0,0,0,0,0,0,0,0,0,0,0,0,0,0,0,0,0,0,0,0,0,0,0,0,0,0,0,0,0,0,0,0,0,0,0,0,0,0,0,0,0,0,0,0,0,0,0,0,0,0,0,0,0,0,0,0,0,0,0,0,0,0,0,0,0,0,0,0,0,0,0,0,0,0,0,0,0,0,0,0,0,0,0,0,0,0,0,0,0,0,0,0,0,0,0,0,
0,0,0,0,0,0,0,0,0,0,0,0,0,0,0,0,0,0,0,0,0,0,0,0,0,0,0,0,0,0,0,0,0,0,0,0,0,0,0,0,0,0,0,0,0,0,0,0,0,0,0,329,0,0,0,0,0,0,0,0,0,0,0,0,0,0,0,0,0,0,0,0,0,0,0,0,0,0,0,0,0,0,0,0,0,0,0,0,0,0,0,0,0,0,0,0,0,0,0,0,
0,0,0,0,0,0,0,0,0,0,0,0,0,0,0,0,0,0,0,0,0,0,0,0,0,0,0,0,0,0,0,0,0,0,0,0,323,0,0,0,0,0,0,0,0,0,0,0,0,0,0,0,0,0,0,0,0,0,0,0,0,0,0,0,0,0,0,0,0,0,0,0,0,0,0,0,0,0,0,0,0,0,0,0,0,0,0,0,0,0,0,0,0,0,0,0,0,0,0,0,
0,0,0,0,0,0,0,0,0,0,0,0,0,0,0,0,0,0,0,0,0,0,0,0,0,0,0,0,0,0,0,0,0,0,0,0,0,0,0,0,0,0,0,0,0,0,321,0,0,0,0,0,0,0,0,0,0,0,0,0,0,0,0,0,0,0,0,0,0,0,0,0,0,0,0,0,0,0,0,0,0,0,0,0,0,0,0,0,0,0,0,0,0,0,0,0,0,0,0,0,
0,0,0,0,0,0,0,0,0,0,0,0,0,0,0,0,0,0,0,0,0,0,0,0,0,0,0,0,0,0,0,0,0,0,0,0,0,0,0,0,0,0,0,0,0,0,0,0,0,0,0,0,0,0,0,0,0,0,0,0,0,0,0,0,0,0,0,0,0,0,0,0,0,0,0,0,0,0,0,0,0,0,0,0,0,0,0,0,0,0,0,0,0,0,0,0,0,0,0,0,
0,0,0,0,0,0,0,0,0,0,0,0,0,0,0,0,0,0,0,0,0,0,0,0,0,0,0,0,0,0,0,0,0,0,0,0,0,0,0,0,0,0,0,0,0,0,0,0,0,0,0,0,0,0,0,0,0,0,0,0,0,0,0,0,0,0,0,0,0,0,0,0,0,0,0,0,0,0,0,0,0,0,0,0,0,0,0,0,0,0,0,0,0,0,0,0,0,0,0,0,
0,0,0,0,0,0,0,0,0,0,0,0,0,0,0,0,0,0,0,0,0,0,0,0,0,0,0,0,0,0,0,0,0,0,0,0,0,0,0,0,0,0,0,323,0,0,0,0,0,0,0,0,0,0,0,0,0,0,0,0,0,0,0,0,0,0,0,0,0,0,0,0,0,0,0,0,0,0,0,0,0,0,0,0,0,0,0,0,0,0,0,0,0,0,0,0,0,0,0,0,
0,0,0,0,0,0,0,0,0,0,0,0,0,0,0,0,0,0,0,0,0,0,0,0,0,0,0,0,0,0,0,0,0,0,0,0,0,0,0,0,0,0,0,0,0,0,0,0,0,0,0,0,0,0,0,0,0,0,322,0,0,0,0,0,0,0,0,0,0,0,0,0,0,0,0,0,0,0,0,0,0,0,0,0,0,0,0,0,0,0,0,0,0,0,0,0,0,0,0,0,
0,0,0,0,0,0,0,0,0,0,0,0,0,0,0,0,0,0,0,0,0,0,0,0,0,0,0,0,0,0,0,0,0,0,0,0,0,0,0,0,0,0,0,0,0,329,0,0,0,0,0,0,0,0,0,0,0,0,0,0,0,0,0,0,0,0,0,0,0,0,0,0,0,0,0,0,0,0,0,0,0,0,0,0,0,0,0,0,0,0,0,0,0,0,0,0,0,0,0,0,
0,0,0,0,0,0,0,0,0,0,0,0,0,0,0,0,0,0,0,0,0,0,0,0,0,0,0,0,0,0,0,0,0,0,0,0,0,0,0,0,0,0,0,0,0,0,0,0,0,0,0,0,0,0,0,0,0,0,0,0,0,0,0,0,0,0,0,0,0,0,0,0,0,0,0,0,0,0,0,0,0,0,0,0,0,0,0,0,0,0,0,0,0,0,0,0,0,0,0,0,
0,0,0,0,0,0,0,0,0,0,0,0,0,0,0,0,0,0,0,0,0,0,0,0,0,0,0,0,0,0,0,0,0,0,0,0,0,0,0,0,0,0,0,0,0,0,0,0,0,0,0,0,0,0,0,0,0,0,0,0,0,0,0,0,0,0,0,0,0,0,0,0,0,0,0,0,0,0,0,0,0,0,0,0,0,0,0,0,0,0,0,0,0,0,0,0,0,0,0,0,
0,0,0,0,0,0,0,0,0,0,0,0,0,0,0,0,0,0,0,0,0,0,0,0,0,0,0,0,0,0,0,0,0,0,0,0,0,0,0,0,0,0,0,0,0,0,0,0,0,0,0,0,0,0,0,0,0,0,0,0,0,0,0,0,0,0,0,0,0,0,0,0,0,0,0,0,0,0,0,0,0,0,0,0,0,0,0,0,0,0,0,0,0,0,0,0,0,0,0,0,
0,0,0,0,0,0,0,0,0,0,0,0,0,0,0,0,0,0,0,0,0,0,0,0,0,0,0,0,0,0,0,0,0,0,0,0,0,0,0,0,0,0,0,0,0,0,0,0,0,0,0,0,0,0,0,0,0,0,0,0,0,0,0,0,0,0,0,0,0,0,0,0,0,0,0,0,0,0,0,0,0,0,0,0,0,0,0,0,0,0,0,0,0,0,0,0,0,0,0,0,
0,0,0,0,0,0,0,0,0,0,0,0,0,0,0,0,0,0,0,0,0,0,0,0,0,0,0,0,0,0,0,0,0,0,0,0,0,0,0,0,0,0,0,0,0,0,0,0,0,0,0,0,0,0,0,0,0,0,0,0,0,0,0,0,0,0,0,0,0,0,0,0,0,0,0,0,0,0,0,0,0,0,0,0,0,0,0,0,0,0,0,0,0,0,0,0,0,0,0,0,
0,0,0,0,0,0,0,0,0,0,0,0,0,0,0,0,0,0,0,0,0,0,0,0,0,0,0,0,0,0,0,0,0,0,0,0,0,0,0,0,0,0,0,0,0,0,0,0,0,0,0,0,0,0,0,0,0,0,0,0,0,0,0,0,0,0,0,0,0,0,0,0,0,0,0,0,0,0,0,0,0,0,0,0,0,0,0,0,0,0,0,0,0,0,0,0,0,0,0,0,
0,0,0,0,0,0,0,0,0,0,0,0,0,0,0,0,0,0,0,0,0,0,0,0,0,0,0,0,0,0,0,0,0,0,0,0,0,0,0,0,0,0,0,0,0,0,0,0,0,0,0,0,0,0,0,0,0,0,0,0,0,0,0,0,0,0,0,0,0,0,0,0,0,0,0,0,0,0,0,0,0,0,0,0,0,0,0,0,0,0,0,0,0,0,0,0,0,0,0,0,
0,0,0,0,0,0,0,0,0,0,0,0,0,0,0,0,0,0,0,0,0,0,0,0,0,0,0,0,0,0,0,0,0,0,0,0,0,0,0,0,0,0,0,0,0,0,0,0,0,0,0,0,0,0,0,0,0,0,0,0,0,0,0,0,0,0,0,0,0,0,0,0,0,0,0,0,0,0,0,0,0,0,0,0,0,0,0,0,0,0,0,0,0,0,0,0,0,0,0,0,
0,0,0,0,0,0,0,0,0,0,0,0,0,0,0,0,0,0,0,0,0,0,0,0,0,0,0,0,0,0,0,0,0,0,0,0,0,0,0,0,0,0,0,0,0,0,0,0,0,0,0,0,0,0,0,0,0,0,0,0,0,0,0,0,0,0,0,0,0,0,0,0,0,0,0,0,0,0,0,0,0,0,0,0,0,0,0,0,0,0,0,0,0,0,0,0,0,0,0,0,
0,0,0,0,0,0,0,0,0,0,0,0,0,0,0,0,0,0,0,0,0,0,0,0,0,0,0,0,0,0,0,0,0,0,0,0,0,0,0,0,0,0,0,0,0,0,0,0,0,0,0,0,0,0,0,0,0,0,0,0,0,0,0,0,0,0,0,0,0,0,0,0,0,0,0,0,0,0,0,0,0,0,0,0,0,0,0,0,0,0,0,0,0,0,0,0,0,0,0,0,
0,0,0,0,0,0,0,0,0,0,0,0,0,0,0,0,0,0,0,0,0,0,0,0,0,0,0,0,0,0,0,0,0,0,0,0,0,0,0,0,0,0,0,0,0,0,0,0,0,0,0,0,0,0,0,0,0,0,0,0,0,0,0,0,0,0,0,0,0,0,0,0,0,0,0,0,0,0,0,0,0,0,0,0,0,0,0,0,0,0,0,0,0,0,0,0,0,0,0,0,
0,0,0,0,0,0,0,0,0,0,0,0,0,0,0,0,0,0,0,0,0,0,0,0,0,0,0,0,0,0,0,0,0,0,0,0,0,0,0,0,0,0,0,0,0,0,0,0,0,0,0,0,0,0,0,0,0,0,0,0,0,0,0,0,0,0,0,0,0,0,0,0,0,0,0,0,0,0,0,0,0,0,0,0,0,0,0,0,0,0,0,0,0,0,0,0,0,0,0,0,
0,0,0,0,0,0,0,0,0,0,0,0,0,0,0,0,0,0,0,0,0,0,0,0,0,0,0,0,0,0,0,0,0,0,0,0,0,0,0,0,0,0,0,0,0,0,0,0,0,0,0,0,0,0,0,0,0,0,0,0,0,0,0,0,0,0,0,0,0,0,0,0,0,0,0,0,0,0,0,0,0,0,0,0,0,0,0,0,0,0,0,0,0,0,0,0,0,0,0,0,
0,0,0,0,0,0,0,0,0,0,0,0,0,0,0,0,0,0,0,0,0,0,0,0,0,0,0,0,0,0,0,0,0,0,0,0,0,0,0,0,0,0,0,0,0,0,0,0,0,0,0,0,0,0,0,0,0,0,0,0,0,0,0,0,0,0,0,0,0,0,0,0,0,0,0,0,0,0,0,0,0,0,0,0,0,0,0,0,0,0,0,0,0,0,0,0,0,0,0,0,
0,0,0,0,0,0,0,0,0,0,0,0,0,0,0,0,0,0,0,0,0,0,0,0,0,0,0,0,0,0,0,0,0,0,0,0,0,0,0,0,0,0,0,0,0,0,0,0,0,0,0,0,0,0,0,0,0,0,0,0,0,0,0,0,0,0,0,0,0,0,0,0,0,0,0,0,0,0,0,0,0,0,0,0,0,0,0,0,0,0,0,0,0,0,0,0,0,0,0,0,
0,0,0,0,0,0,0,0,0,0,0,0,0,0,0,0,0,0,0,0,0,0,0,0,0,0,0,0,0,0,0,0,0,0,0,0,0,0,0,0,0,0,0,0,0,0,0,0,0,0,0,0,0,0,0,0,0,0,0,0,0,0,0,0,0,0,0,0,0,0,0,0,0,0,0,0,0,0,0,0,0,0,0,0,0,0,0,0,0,0,0,0,0,0,0,0,0,0,0,0,
0,0,0,0,0,0,0,0,0,0,0,0,0,0,0,0,0,0,0,0,0,0,0,0,0,0,0,0,0,0,0,0,0,0,0,0,0,0,0,0,0,0,0,0,0,0,0,0,0,0,0,0,0,0,0,0,0,0,0,0,0,0,0,0,0,0,0,0,0,0,0,0,0,0,0,0,0,0,0,0,0,0,0,0,0,0,0,0,0,0,0,0,0,0,0,0,0,0,0,0,
0,0,0,0,0,0,0,0,0,0,0,0,0,0,0,0,0,0,0,0,0,0,0,0,0,0,0,0,0,0,0,0,0,0,0,0,0,0,0,0,0,0,0,0,0,0,0,0,0,0,0,0,0,0,0,0,0,0,0,0,0,0,0,0,0,0,0,0,0,0,0,0,0,0,0,0,0,0,0,0,0,0,0,0,0,0,0,0,0,0,0,0,0,0,0,0,0,0,0,0,
0,0,0,0,0,0,0,0,0,0,0,0,0,0,0,0,0,0,0,0,0,0,0,0,0,0,0,0,0,0,0,0,0,0,0,0,0,0,0,0,0,0,0,0,0,0,0,0,0,0,0,0,0,0,0,0,0,0,0,0,0,0,0,0,0,0,0,0,0,0,0,0,0,0,0,0,0,0,0,0,0,0,0,0,0,0,0,0,0,0,0,0,0,0,0,0,0,0,0,0,
0,0,0,0,0,0,0,0,0,0,0,0,0,0,0,0,0,0,0,0,0,0,0,0,0,0,0,0,0,0,0,0,0,0,0,0,0,0,0,0,0,0,0,0,0,0,0,0,0,0,0,0,0,0,0,0,0,0,0,0,0,0,0,0,0,0,0,0,0,0,0,0,0,0,0,0,0,0,0,0,0,0,0,0,0,0,0,0,0,0,0,0,0,0,0,0,0,0,0,0,
0,0,0,0,0,0,0,0,0,0,0,0,0,0,0,0,0,0,0,0,0,0,0,0,0,0,0,0,0,0,0,0,0,0,0,0,0,0,0,0,0,0,0,0,0,0,0,0,0,0,0,0,0,0,0,0,0,0,0,0,0,0,0,0,0,0,0,0,0,0,0,0,0,0,0,0,0,0,0,0,0,0,0,0,0,0,0,0,0,0,0,0,0,0,0,0,0,0,0,0,
0,0,0,0,0,0,0,0,0,0,0,0,0,0,0,0,0,0,0,0,0,0,0,0,0,0,0,0,0,0,0,0,0,0,0,0,0,0,0,0,0,0,0,0,0,0,0,0,0,0,0,0,0,0,0,0,0,0,0,0,0,0,0,0,0,0,0,0,0,0,0,0,0,0,0,0,0,0,0,0,0,0,0,0,0,0,0,0,0,0,0,0,0,0,0,0,0,0,0,0,
0,0,0,0,0,0,0,0,0,0,0,0,0,0,0,0,0,0,0,0,0,0,0,0,0,0,0,0,0,0,0,0,0,0,0,0,0,0,0,0,0,0,0,0,0,0,0,0,0,0,0,0,0,0,0,0,0,0,0,0,0,0,0,0,0,0,0,0,0,0,0,0,0,0,0,0,0,0,0,0,0,0,0,0,0,0,0,0,0,0,0,0,0,0,0,0,0,0,0,0,
0,0,0,0,0,0,0,0,0,0,0,0,0,0,0,0,0,0,0,0,0,0,0,0,0,0,0,0,0,0,0,0,0,0,0,0,0,0,0,0,0,0,0,0,0,0,0,0,0,0,0,0,0,0,0,0,0,0,0,0,0,0,0,0,0,0,0,0,0,0,0,0,0,0,0,0,0,0,0,0,0,0,0,0,0,0,0,0,0,0,0,0,0,0,0,0,0,0,0,0,
0,0,0,0,0,0,0,0,0,0,0,0,0,0,0,0,0,0,0,0,0,0,0,0,0,0,0,0,0,0,0,0,0,0,0,0,0,0,0,0,0,0,0,0,0,0,0,0,0,0,0,0,0,0,0,0,0,0,0,0,0,0,0,0,0,0,0,0,0,0,0,0,0,0,0,0,0,0,0,0,0,0,0,0,0,0,0,0,0,0,0,0,0,0,0,0,0,0,0,0,
0,0,0,0,0,0,0,0,0,0,0,0,0,0,0,0,0,0,0,0,0,0,0,0,0,0,0,0,0,0,0,0,0,0,0,0,0,0,0,0,0,0,0,0,0,0,0,0,0,0,0,0,0,0,0,0,0,0,0,0,0,0,0,0,0,0,0,0,0,0,0,0,0,0,0,0,0,0,0,0,0,0,0,0,0,0,0,0,0,0,0,0,0,0,0,0,0,0,0,0,
0,0,0,0,0,0,0,0,0,0,0,0,0,0,0,0,0,0,0,0,0,0,0,0,0,0,0,0,0,0,0,0,0,0,0,0,0,0,0,0,0,0,0,0,0,0,0,0,0,0,0,0,0,0,0,0,0,0,0,0,0,0,0,0,0,0,0,0,0,0,0,0,0,0,0,0,0,0,0,0,0,0,0,0,0,0,0,0,0,0,0,0,0,0,0,0,0,0,0,0,
0,0,0,0,0,0,0,0,0,0,0,0,0,0,0,0,0,0,0,0,0,0,0,0,0,0,0,0,0,0,0,0,0,0,0,0,0,0,0,0,0,0,0,0,0,0,0,0,0,0,0,0,0,0,0,0,0,0,0,0,0,0,0,0,0,0,0,0,0,0,0,0,0,0,0,0,0,0,0,0,0,0,0,0,0,0,0,0,0,0,0,0,0,0,0,0,0,0,0,0,
0,0,0,0,0,0,0,0,0,0,0,0,0,0,0,0,0,0,0,0,0,0,0,0,0,0,0,0,0,0,0,0,0,0,0,0,0,0,0,0,0,0,0,0,0,0,0,0,0,0,0,0,0,0,0,0,0,0,0,0,0,0,0,0,0,0,0,0,0,0,0,0,0,0,0,0,0,0,0,0,0,0,0,0,0,0,0,0,0,0,0,0,0,0,0,0,0,0,0,0,
0,0,0,0,0,0,0,0,0,0,0,0,0,0,0,0,0,0,0,0,0,0,0,0,0,0,0,0,0,0,0,0,0,0,0,0,0,0,0,0,0,0,0,0,0,0,0,0,0,0,0,0,0,0,0,0,0,0,0,0,0,0,0,0,0,0,0,0,0,0,0,0,0,0,0,0,0,0,0,0,0,0,0,0,0,0,0,0,0,0,0,0,0,0,0,0,0,0,0,0,
0,0,0,0,0,0,0,0,0,0,0,0,0,0,0,0,0,0,0,0,0,0,0,0,0,0,0,0,0,0,0,0,0,0,0,0,0,0,0,0,0,0,0,0,0,0,0,0,0,0,0,0,0,0,0,0,0,0,0,0,0,0,0,0,0,0,0,0,0,0,0,0,0,0,0,0,0,0,0,0,0,0,0,0,0,0,0,0,0,0,0,0,0,0,0,0,0,0,0,0,
0,0,0,0,0,0,0,0,0,0,0,0,0,0,0,0,0,0,0,0,0,0,0,0,0,0,0,0,0,0,0,0,0,0,0,0,0,0,0,0,0,0,0,0,0,0,0,0,0,0,0,0,0,0,0,0,0,0,0,0,0,0,0,0,0,0,0,0,0,0,0,0,0,0,0,0,0,0,0,0,0,0,0,0,0,0,0,0,0,0,0,0,0,0,0,0,0,0,0,0,
0,0,0,0,0,0,0,0,0,0,0,0,0,0,0,0,0,0,0,0,0,0,0,0,0,0,0,0,0,0,0,0,0,0,0,0,0,0,0,0,0,0,0,0,0,0,0,0,0,0,0,0,0,0,0,0,0,0,0,0,0,0,0,0,0,0,0,0,0,0,0,0,0,0,0,0,0,0,0,0,0,0,0,0,0,0,0,0,0,0,0,0,0,0,0,0,0,0,0,0,
0,0,0,0,0,0,0,0,0,0,0,0,0,0,0,0,0,0,0,0,0,0,0,0,0,0,0,0,0,0,0,0,0,0,0,0,0,0,0,0,0,0,0,0,0,0,0,0,0,0,0,0,0,0,0,0,0,0,0,0,0,0,0,0,0,0,0,0,0,0,0,0,0,0,0,0,0,0,0,0,0,0,0,0,0,0,0,0,0,0,0,0,0,0,0,0,0,0,0,0,
0,0,0,0,0,0,0,0,0,0,0,0,0,0,0,0,0,0,0,0,0,0,0,0,0,0,0,0,0,0,0,0,0,0,0,0,0,0,0,0,0,0,0,0,0,0,0,0,0,0,0,0,0,0,0,0,0,0,0,0,0,0,0,0,0,0,0,0,0,0,0,0,0,0,0,0,0,0,0,0,0,0,0,0,0,0,0,0,0,0,0,0,0,0,0,0,0,0,0,0,
0,0,0,0,0,0,0,0,0,0,0,0,0,0,0,0,0,0,0,0,0,0,0,0,0,0,0,0,0,0,0,0,0,0,0,0,0,0,0,0,0,0,0,0,0,0,0,0,0,0,0,0,0,0,0,0,0,0,0,0,0,0,0,0,0,0,0,0,0,0,0,0,0,0,0,0,0,0,0,0,0,0,0,0,0,0,0,0,0,0,0,0,0,0,0,0,0,0,0,0,
0,0,0,0,0,0,0,0,0,0,0,0,0,0,0,0,0,0,0,0,0,0,0,0,0,0,0,0,0,0,0,0,0,0,0,0,0,0,0,0,0,0,0,0,0,0,0,0,0,0,0,0,0,0,0,0,0,0,0,0,0,0,0,0,0,0,0,0,0,0,0,0,0,0,0,0,0,0,0,0,0,0,0,0,0,0,0,0,0,0,0,0,0,0,0,0,0,0,0,0,
0,0,0,0,0,0,0,0,0,0,0,0,0,0,0,0,0,0,0,0,0,0,0,0,0,0,0,0,0,0,0,0,0,0,0,0,0,0,0,0,0,0,0,0,0,0,0,0,0,0,0,0,0,0,0,0,0,0,0,0,0,0,0,0,0,0,0,0,0,0,0,0,0,0,0,0,0,0,0,0,0,0,0,0,0,0,0,0,0,0,0,0,0,0,0,0,0,0,0,0,
0,0,0,0,0,0,0,0,0,0,0,0,0,0,0,0,0,0,0,0,0,0,0,0,0,0,0,0,0,0,0,0,0,0,0,0,0,0,0,0,0,0,0,0,0,0,0,0,0,0,0,0,0,0,0,0,0,0,0,0,0,0,0,0,0,0,0,0,0,0,0,0,0,0,0,0,0,0,0,0,0,0,0,0,0,0,0,0,0,0,0,0,0,0,0,0,0,0,0,0,
0,0,0,0,0,0,0,0,0,0,0,0,0,0,0,0,0,0,0,0,0,0,0,0,0,0,0,0,0,0,0,0,0,0,0,0,0,0,0,0,0,0,0,0,0,0,0,0,0,0,0,0,0,0,0,0,0,0,0,0,0,0,0,0,0,0,0,0,0,0,0,0,0,0,0,0,0,0,0,0,0,0,0,0,0,0,0,0,0,0,0,0,0,0,0,0,0,0,0,0,
0,0,0,0,0,0,0,0,0,0,0,0,0,0,0,0,0,0,0,0,0,0,0,0,0,0,0,0,0,0,0,0,0,0,0,0,0,0,0,0,0,0,0,0,0,0,0,0,0,0,0,0,0,0,0,0,0,0,0,0,0,0,0,0,0,0,0,0,0,0,0,0,0,0,0,0,0,0,0,0,0,0,0,0,0,0,0,0,0,0,0,0,0,0,0,0,0,0,0,0,
0,0,0,0,0,0,0,0,0,0,0,0,0,0,0,0,0,0,0,0,0,0,0,0,0,0,0,0,0,0,0,0,0,0,0,0,0,0,0,0,0,0,0,0,0,0,0,0,0,0,0,0,0,0,0,0,0,0,0,0,0,0,0,0,0,0,0,0,0,0,0,0,0,0,0,0,0,0,0,0,0,0,0,0,0,0,0,0,0,0,0,0,0,0,0,0,0,0,0,0,
0,0,0,0,0,0,0,0,0,0,0,0,0,0,0,0,0,0,0,0,0,0,0,0,0,0,0,0,0,0,0,0,0,0,0,0,0,0,0,0,0,0,0,0,0,0,0,0,0,0,0,0,0,0,0,0,0,0,0,0,0,0,0,0,0,0,0,0,0,0,0,0,0,0,0,0,0,0,0,0,0,0,0,0,0,0,0,0,0,0,0,0,0,0,0,0,0,0,0,0,
0,0,0,0,0,0,0,0,0,0,0,0,0,0,0,0,0,0,0,0,0,0,0,0,0,0,0,0,0,0,0,0,0,0,0,0,0,0,0,0,0,0,0,0,0,0,0,0,0,0,0,0,0,0,0,0,0,0,0,0,0,0,0,0,0,0,0,0,0,0,0,0,0,0,0,0,0,0,0,0,0,0,0,0,0,0,0,0,0,0,0,0,0,0,0,0,0,0,0,0,
0,0,0,0,0,0,0,0,0,0,0,0,0,0,0,0,0,0,0,0,0,0,0,0,0,0,0,0,0,0,0,0,0,0,0,0,0,0,0,0,0,0,0,0,0,0,0,0,0,0,0,0,0,0,0,0,0,0,0,0,0,0,0,0,0,0,0,0,0,0,0,0,0,0,0,0,0,0,0,0,0,0,0,0,0,0,0,0,0,0,0,0,0,0,0,0,0,0,0,0,
0,0,0,0,0,0,0,0,0,0,0,0,0,0,0,0,0,0,0,0,0,0,0,0,0,0,0,0,0,0,0,0,0,0,0,0,0,0,0,0,0,0,0,0,0,0,0,0,0,0,0,0,0,0,0,0,0,0,0,0,0,0,0,0,0,0,0,0,0,0,0,0,0,0,0,0,0,0,0,0,0,0,0,0,0,0,0,0,0,0,0,0,0,0,0,0,0,0,0,0,
0,0,0,0,0,0,0,0,0,0,0,0,0,0,0,0,0,0,0,0,0,0,0,0,0,0,0,0,0,0,0,0,0,0,0,0,0,0,0,0,0,0,0,0,0,0,0,0,0,0,0,0,0,0,0,0,0,0,0,0,0,0,0,0,0,0,0,0,0,0,0,0,0,0,0,0,0,0,0,0,0,0,0,0,0,0,0,0,0,0,0,0,0,0,0,0,0,0,0,0,
0,0,0,0,0,0,0,0,0,0,0,0,0,0,0,0,0,0,0,0,0,0,0,0,0,0,0,0,0,0,0,0,0,0,0,0,0,0,0,0,0,0,0,0,0,0,0,0,0,0,0,0,0,0,0,0,0,0,0,0,0,0,0,0,0,0,0,0,0,0,0,0,0,0,0,0,0,0,0,0,0,0,0,0,0,0,0,0,0,0,0,0,0,0,0,0,0,0,0,0,
0,0,0,0,0,0,0,0,0,0,0,0,0,0,0,0,0,0,0,0,0,0,0,0,0,0,0,0,0,0,0,0,0,0,0,0,0,0,0,0,0,0,0,0,0,0,0,0,0,0,0,0,0,0,0,0,0,0,0,0,0,0,0,0,0,0,0,0,0,0,0,0,0,0,0,0,0,0,0,0,0,0,0,0,0,0,0,0,0,0,0,0,0,0,0,0,0,0,0,0,
0,0,0,0,0,0,0,0,0,0,0,0,0,0,0,0,0,0,0,0,0,0,0,0,0,0,0,0,0,0,0,0,0,0,0,0,0,0,0,0,0,0,0,0,0,0,0,0,0,0,0,0,0,0,0,0,0,0,0,0,0,0,0,0,0,0,0,0,0,0,0,0,0,0,0,0,0,0,0,0,0,0,0,0,0,0,0,0,0,0,0,0,0,0,0,0,0,0,0,0,
0,0,0,0,0,0,0,0,0,0,0,0,0,0,0,0,0,0,0,0,0,0,0,0,0,0,0,0,0,0,0,0,0,0,0,0,0,0,0,0,0,0,0,0,0,0,0,0,0,0,0,0,0,0,0,0,0,0,0,0,0,0,0,0,0,0,0,0,0,0,0,0,0,0,0,0,0,0,0,0,0,0,0,0,0,0,0,0,0,0,0,0,0,0,0,0,0,0,0,0,
0,0,0,0,0,0,0,0,0,0,0,0,0,0,0,0,0,0,0,0,0,0,0,0,0,0,0,0,0,0,0,0,0,0,0,0,0,0,0,0,0,0,0,0,0,0,0,0,0,0,0,0,0,0,0,0,0,0,0,0,0,0,0,0,0,0,0,0,0,0,0,0,0,0,0,0,0,0,0,0,0,0,0,0,0,0,0,0,0,0,0,0,0,0,0,0,0,0,0,0,
0,0,0,0,0,0,0,0,0,0,0,0,0,0,0,0,0,0,0,0,0,0,0,0,0,0,0,0,0,0,0,0,0,0,0,0,0,0,0,0,0,0,0,0,0,0,0,0,0,0,0,0,0,0,0,0,0,0,0,0,0,0,0,0,0,0,0,0,0,0,0,0,0,0,0,0,0,0,0,0,0,0,0,0,0,0,0,0,0,0,0,0,0,0,0,0,0,0,0,0,
0,0,0,0,0,0,0,0,0,0,0,0,0,0,0,0,0,0,0,0,0,0,0,0,0,0,0,0,0,0,0,0,0,0,0,0,0,0,0,0,0,0,0,0,0,0,0,0,0,0,0,0,0,0,0,0,0,0,0,0,0,0,0,0,0,0,0,0,0,0,0,0,0,0,0,0,0,0,0,0,0,0,0,0,0,0,0,0,0,0,0,0,0,0,0,0,0,0,0,0,
0,0,0,0,0,0,0,0,0,0,0,0,0,0,0,0,0,0,0,0,0,0,0,0,0,0,0,0,0,0,0,0,0,0,0,0,0,0,0,0,0,0,0,0,0,0,0,0,0,0,0,0,0,0,0,0,0,0,0,0,0,0,0,0,0,0,0,0,0,0,0,0,0,0,0,0,0,0,0,0,0,0,0,0,0,0,0,0,0,0,0,0,0,0,0,0,0,0,0,0,
0,0,0,0,0,0,0,0,0,0,0,0,0,0,0,0,0,0,0,0,0,0,0,0,0,0,0,0,0,0,0,0,0,0,0,0,0,0,0,0,0,0,0,0,0,0,0,0,0,0,0,0,0,0,0,0,0,0,0,0,0,0,0,0,0,0,0,0,0,0,0,0,0,0,0,0,0,0,0,0,0,0,0,0,0,0,0,0,0,0,0,0,0,0,0,0,0,0,0,0,
0,0,0,0,0,0,0,0,0,0,0,0,0,0,0,0,0,0,0,0,0,0,0,0,0,0,0,0,0,0,0,0,0,0,0,0,0,0,0,0,0,0,0,0,0,0,0,0,0,0,0,0,0,0,0,0,0,0,0,0,0,0,0,0,0,0,0,0,0,0,0,0,0,0,0,0,0,0,0,0,0,0,0,0,0,0,0,0,0,0,0,0,0,0,0,0,0,0,0,0,
0,0,0,0,0,0,0,0,0,0,0,0,0,0,0,0,0,0,0,0,0,0,0,0,0,0,0,0,0,0,0,0,0,0,0,0,0,0,0,0,0,0,0,0,0,0,0,0,0,0,0,0,0,0,0,0,0,0,0,0,0,0,0,0,0,0,0,0,0,0,0,0,0,0,0,0,0,0,0,0,0,0,0,0,0,0,0,0,0,0,0,0,0,0,0,0,0,0,0,0,
0,0,0,0,0,0,0,0,0,0,0,0,0,0,0,0,0,0,0,0,0,0,0,0,0,0,0,0,0,0,0,0,0,0,0,0,0,0,0,0,0,0,0,0,0,0,0,0,0,0,0,0,0,0,0,0,0,0,0,0,0,0,0,0,0,0,0,0,0,0,0,0,0,0,0,0,0,0,0,0,0,0,0,0,0,0,0,0,0,0,0,0,0,0,0,0,0,0,0,0,
0,0,0,0,0,0,0,0,0,0,0,0,0,0,0,0,0,0,0,0,0,0,0,0,0,0,0,0,0,0,0,0,0,0,0,0,0,0,0,0,0,0,0,0,0,0,0,0,0,0,0,0,0,0,0,0,0,0,0,0,0,0,0,0,0,0,0,0,0,0,0,0,0,0,0,0,0,0,0,0,0,0,0,0,0,0,0,0,0,0,0,0,0,0,0,0,0,0,0,0,
0,0,0,0,0,0,0,0,0,0,0,0,0,0,0,0,0,0,0,0,0,0,0,0,0,0,0,0,0,0,0,0,0,0,0,0,0,0,0,0,0,0,0,0,0,0,0,0,0,0,0,0,0,0,0,0,0,0,0,0,0,0,0,0,0,0,0,0,0,0,0,0,0,0,0,0,0,0,0,0,0,0,0,0,0,0,0,0,0,0,0,0,0,0,0,0,0,0,0,0,
0,0,0,0,0,0,0,0,0,0,0,0,0,0,0,0,0,0,0,0,0,0,0,0,0,0,0,0,0,0,0,0,0,0,0,0,0,0,0,0,0,0,0,0,0,0,0,0,0,0,0,0,0,0,0,0,0,0,0,0,0,0,0,0,0,0,0,0,0,0,0,0,0,0,0,0,0,0,0,0,0,0,0,0,0,0,0,0,0,0,0,0,0,0,0,0,0,0,0,0,
0,0,0,0,0,0,0,0,0,0,0,0,0,0,0,0,0,0,0,0,0,0,0,0,0,0,0,0,0,0,0,0,0,0,0,0,0,0,0,0,0,0,0,0,0,0,0,0,0,0,0,0,0,0,0,0,0,0,0,0,0,0,0,0,0,0,0,0,0,0,0,0,0,0,0,0,0,0,0,0,0,0,0,0,0,0,0,0,0,0,0,0,0,0,0,0,0,0,0,0,
0,0,0,0,0,0,0,0,0,0,0,0,0,0,0,0,0,0,0,0,0,0,0,0,0,0,0,0,0,0,0,0,0,0,0,0,0,0,0,0,0,0,0,0,0,0,0,0,0,0,0,0,0,0,0,0,0,0,0,0,0,0,0,0,0,0,0,0,0,0,0,0,0,0,0,0,0,0,0,0,0,0,0,0,0,0,0,0,0,0,0,0,0,0,0,0,0,0,0,0,
0,0,0,0,0,0,0,0,0,0,0,0,0,0,0,0,0,0,0,0,0,0,0,0,0,0,0,0,0,0,0,0,0,0,0,0,0,0,0,0,0,0,0,0,0,0,0,0,0,0,0,0,0,0,0,0,0,0,0,0,0,0,0,0,0,0,0,0,0,0,0,0,0,0,0,0,0,0,0,0,0,0,0,0,0,0,0,0,0,0,0,0,0,0,0,0,0,0,0,0,
0,0,0,0,0,0,0,0,0,0,0,0,0,0,0,0,0,0,0,0,0,0,0,0,0,0,0,0,0,0,0,0,0,0,0,0,0,0,0,0,0,0,0,0,0,0,0,0,0,0,0,0,0,0,0,0,0,0,0,0,0,0,0,0,0,0,0,0,0,0,0,0,0,0,0,0,0,0,0,0,0,0,0,0,0,0,0,0,0,0,0,0,0,0,0,0,0,0,0,0,
0,0,0,0,0,0,0,0,0,0,0,0,0,0,0,0,0,0,0,0,0,0,0,0,0,0,0,0,0,0,0,0,0,0,0,0,0,0,0,0,0,0,0,0,0,0,0,0,0,0,0,0,0,0,0,0,0,0,0,0,0,0,0,0,0,0,0,0,0,0,0,0,0,0,0,0,0,0,0,0,0,0,0,0,0,0,0,0,0,0,0,0,0,0,0,0,0,0,0,0,
0,0,0,0,0,0,0,0,0,0,0,0,0,0,0,0,0,0,0,0,0,0,0,0,0,0,0,0,0,0,0,0,0,0,0,0,0,0,0,0,0,0,0,0,0,0,0,0,0,0,0,0,0,0,0,0,0,0,0,0,0,0,0,0,0,0,0,0,0,0,0,0,0,0,0,0,0,0,0,0,0,0,0,0,0,0,0,0,0,0,0,0,0,0,0,0,0,0,0,0,
0,0,0,0,0,0,0,0,0,0,0,0,0,0,0,0,0,0,0,0,0,0,0,0,0,0,0,0,0,0,0,0,0,0,0,0,0,0,0,0,0,0,0,0,0,0,0,0,0,0,0,0,0,0,0,0,0,0,0,0,0,0,0,0,0,0,0,0,0,0,0,0,0,0,0,0,0,0,0,0,0,0,0,0,0,0,0,0,0,0,0,0,0,0,0,0,0,0,0,0,
0,0,0,0,0,0,0,0,0,0,0,0,0,0,0,0,0,0,0,0,0,0,0,0,0,0,0,0,0,0,0,0,0,0,0,0,0,0,0,0,0,0,0,0,0,0,0,0,0,0,0,0,0,0,0,0,0,0,0,0,0,0,0,0,0,0,0,0,0,0,0,0,0,0,0,0,0,0,0,0,0,0,0,0,0,0,0,0,0,0,0,0,0,0,0,0,0,0,0,0

